!Initial electron spectra in simulations,
!Histogram, energy (eV), spectra [cm-3 eV-1], layer nb: 0
0.00000e+00   2.096e-03   
2.32558e-02   2.096e-03   
2.32581e-02   3.746e-03   
4.65116e-02   3.746e-03   
4.65163e-02   1.773e-02   
6.97674e-02   1.773e-02   
6.97744e-02   1.004e-01   
9.30233e-02   1.004e-01   
9.30326e-02   3.504e-01   
1.16279e-01   3.504e-01   
1.16291e-01   5.214e-01   
1.39535e-01   5.214e-01   
1.39549e-01   6.970e-01   
1.62791e-01   6.970e-01   
1.62807e-01   9.837e-01   
1.86047e-01   9.837e-01   
1.86065e-01   1.765e+01   
2.09302e-01   1.765e+01   
2.09323e-01   4.256e+01   
2.32558e-01   4.256e+01   
2.32581e-01   8.016e+01   
2.55814e-01   8.016e+01   
2.55840e-01   8.148e+01   
2.79070e-01   8.148e+01   
2.79098e-01   8.150e+01   
3.02326e-01   8.150e+01   
3.02356e-01   8.149e+01   
3.25581e-01   8.149e+01   
3.25614e-01   8.150e+01   
3.48837e-01   8.150e+01   
3.48872e-01   8.150e+01   
3.72093e-01   8.150e+01   
3.72130e-01   8.150e+01   
3.95349e-01   8.150e+01   
3.95388e-01   8.150e+01   
4.18605e-01   8.150e+01   
4.18647e-01   8.146e+01   
4.41860e-01   8.146e+01   
4.41905e-01   8.139e+01   
4.65116e-01   8.139e+01   
4.65163e-01   8.127e+01   
4.88372e-01   8.127e+01   
4.88421e-01   8.140e+01   
5.11628e-01   8.140e+01   
5.11679e-01   8.169e+01   
5.34884e-01   8.169e+01   
5.34937e-01   8.375e+01   
5.58140e-01   8.375e+01   
5.58195e-01   8.386e+01   
5.81395e-01   8.386e+01   
5.81453e-01   8.399e+01   
6.04651e-01   8.399e+01   
6.04712e-01   8.422e+01   
6.27907e-01   8.422e+01   
6.27970e-01   8.422e+01   
6.51163e-01   8.422e+01   
6.51228e-01   8.422e+01   
6.74419e-01   8.422e+01   
6.74486e-01   8.422e+01   
6.97674e-01   8.422e+01   
6.97744e-01   8.422e+01   
7.20930e-01   8.422e+01   
7.21002e-01   8.421e+01   
7.44186e-01   8.421e+01   
7.44260e-01   8.419e+01   
7.67442e-01   8.419e+01   
7.67519e-01   8.403e+01   
7.90698e-01   8.403e+01   
7.90777e-01   8.402e+01   
8.13953e-01   8.402e+01   
8.14035e-01   8.335e+01   
8.37209e-01   8.335e+01   
8.37293e-01   7.997e+01   
8.60465e-01   7.997e+01   
8.60551e-01   7.411e+01   
8.83721e-01   7.411e+01   
8.83809e-01   7.198e+01   
9.06977e-01   7.198e+01   
9.07067e-01   7.198e+01   
9.30233e-01   7.198e+01   
9.30326e-01   7.197e+01   
9.53488e-01   7.197e+01   
9.53584e-01   7.173e+01   
9.76744e-01   7.173e+01   
9.76842e-01   7.141e+01   
1.00000e+00   7.141e+01   
1.00010e+00   7.120e+01   
1.02329e+00   7.120e+01   
1.02340e+00   7.120e+01   
1.04713e+00   7.120e+01   
1.04723e+00   7.116e+01   
1.07152e+00   7.116e+01   
1.07163e+00   7.116e+01   
1.09648e+00   7.116e+01   
1.09659e+00   7.114e+01   
1.12202e+00   7.114e+01   
1.12213e+00   7.107e+01   
1.14815e+00   7.107e+01   
1.14827e+00   7.101e+01   
1.17490e+00   7.101e+01   
1.17502e+00   6.213e+01   
1.20226e+00   6.213e+01   
1.20238e+00   4.630e+01   
1.23027e+00   4.630e+01   
1.23039e+00   4.630e+01   
1.25893e+00   4.630e+01   
1.25905e+00   4.630e+01   
1.28825e+00   4.630e+01   
1.28838e+00   4.630e+01   
1.31826e+00   4.630e+01   
1.31839e+00   4.622e+01   
1.34896e+00   4.622e+01   
1.34910e+00   4.560e+01   
1.38038e+00   4.560e+01   
1.38052e+00   4.515e+01   
1.41254e+00   4.515e+01   
1.41268e+00   4.517e+01   
1.44544e+00   4.517e+01   
1.44558e+00   4.518e+01   
1.47911e+00   4.518e+01   
1.47926e+00   4.518e+01   
1.51356e+00   4.518e+01   
1.51371e+00   4.650e+01   
1.54882e+00   4.650e+01   
1.54897e+00   4.902e+01   
1.58489e+00   4.902e+01   
1.58505e+00   4.901e+01   
1.62181e+00   4.901e+01   
1.62197e+00   4.906e+01   
1.65959e+00   4.906e+01   
1.65975e+00   4.906e+01   
1.69824e+00   4.906e+01   
1.69841e+00   4.900e+01   
1.73780e+00   4.900e+01   
1.73797e+00   4.842e+01   
1.77828e+00   4.842e+01   
1.77846e+00   4.786e+01   
1.81970e+00   4.786e+01   
1.81988e+00   4.786e+01   
1.86209e+00   4.786e+01   
1.86227e+00   4.710e+01   
1.90546e+00   4.710e+01   
1.90565e+00   4.573e+01   
1.94984e+00   4.573e+01   
1.95004e+00   4.570e+01   
1.99526e+00   4.570e+01   
1.99546e+00   4.570e+01   
2.04174e+00   4.570e+01   
2.04194e+00   4.570e+01   
2.08930e+00   4.570e+01   
2.08951e+00   4.569e+01   
2.13796e+00   4.569e+01   
2.13818e+00   4.513e+01   
2.18776e+00   4.513e+01   
2.18798e+00   4.440e+01   
2.23872e+00   4.440e+01   
2.23895e+00   3.965e+01   
2.29087e+00   3.965e+01   
2.29110e+00   3.845e+01   
2.34423e+00   3.845e+01   
2.34446e+00   3.840e+01   
2.39883e+00   3.840e+01   
2.39907e+00   3.840e+01   
2.45471e+00   3.840e+01   
2.45495e+00   3.839e+01   
2.51189e+00   3.839e+01   
2.51214e+00   3.838e+01   
2.57040e+00   3.838e+01   
2.57065e+00   3.706e+01   
2.63027e+00   3.706e+01   
2.63053e+00   3.633e+01   
2.69153e+00   3.633e+01   
2.69180e+00   3.633e+01   
2.75423e+00   3.633e+01   
2.75450e+00   3.632e+01   
2.81838e+00   3.632e+01   
2.81866e+00   3.631e+01   
2.88403e+00   3.631e+01   
2.88432e+00   3.630e+01   
2.95121e+00   3.630e+01   
2.95150e+00   3.579e+01   
3.01995e+00   3.579e+01   
3.02025e+00   3.475e+01   
3.09030e+00   3.475e+01   
3.09060e+00   3.475e+01   
3.16228e+00   3.475e+01   
3.16259e+00   3.445e+01   
3.23594e+00   3.445e+01   
3.23626e+00   3.422e+01   
3.31131e+00   3.422e+01   
3.31164e+00   3.420e+01   
3.38844e+00   3.420e+01   
3.38878e+00   3.362e+01   
3.46737e+00   3.362e+01   
3.46772e+00   3.293e+01   
3.54813e+00   3.293e+01   
3.54849e+00   3.271e+01   
3.63078e+00   3.271e+01   
3.63114e+00   3.266e+01   
3.71535e+00   3.266e+01   
3.71572e+00   3.264e+01   
3.80189e+00   3.264e+01   
3.80227e+00   3.244e+01   
3.89045e+00   3.244e+01   
3.89084e+00   3.157e+01   
3.98107e+00   3.157e+01   
3.98147e+00   3.157e+01   
4.07380e+00   3.157e+01   
4.07421e+00   3.155e+01   
4.16869e+00   3.155e+01   
4.16911e+00   3.149e+01   
4.26580e+00   3.149e+01   
4.26622e+00   3.108e+01   
4.36516e+00   3.108e+01   
4.36559e+00   3.043e+01   
4.46684e+00   3.043e+01   
4.46728e+00   3.042e+01   
4.57088e+00   3.042e+01   
4.57134e+00   3.032e+01   
4.67735e+00   3.032e+01   
4.67782e+00   3.029e+01   
4.78630e+00   3.029e+01   
4.78678e+00   2.945e+01   
4.89779e+00   2.945e+01   
4.89828e+00   2.929e+01   
5.01187e+00   2.929e+01   
5.01237e+00   2.925e+01   
5.12861e+00   2.925e+01   
5.12913e+00   2.925e+01   
5.24807e+00   2.925e+01   
5.24860e+00   2.854e+01   
5.37032e+00   2.854e+01   
5.37085e+00   2.834e+01   
5.49541e+00   2.834e+01   
5.49596e+00   2.833e+01   
5.62341e+00   2.833e+01   
5.62398e+00   2.829e+01   
5.75440e+00   2.829e+01   
5.75497e+00   2.747e+01   
5.88844e+00   2.747e+01   
5.88903e+00   2.741e+01   
6.02560e+00   2.741e+01   
6.02620e+00   2.740e+01   
6.16595e+00   2.740e+01   
6.16657e+00   2.710e+01   
6.30957e+00   2.710e+01   
6.31020e+00   2.653e+01   
6.45654e+00   2.653e+01   
6.45719e+00   2.643e+01   
6.60693e+00   2.643e+01   
6.60760e+00   2.642e+01   
6.76083e+00   2.642e+01   
6.76151e+00   2.565e+01   
6.91831e+00   2.565e+01   
6.91900e+00   2.560e+01   
7.07946e+00   2.560e+01   
7.08017e+00   2.557e+01   
7.24436e+00   2.557e+01   
7.24508e+00   2.499e+01   
7.41310e+00   2.499e+01   
7.41384e+00   2.478e+01   
7.58578e+00   2.478e+01   
7.58653e+00   2.477e+01   
7.76247e+00   2.477e+01   
7.76325e+00   2.423e+01   
7.94328e+00   2.423e+01   
7.94408e+00   2.398e+01   
8.12831e+00   2.398e+01   
8.12912e+00   2.398e+01   
8.31764e+00   2.398e+01   
8.31847e+00   2.345e+01   
8.51138e+00   2.345e+01   
8.51223e+00   2.323e+01   
8.70964e+00   2.323e+01   
8.71051e+00   2.322e+01   
8.91251e+00   2.322e+01   
8.91340e+00   1.901e+01   
9.12011e+00   1.901e+01   
9.12102e+00   1.868e+01   
9.33254e+00   1.868e+01   
9.33348e+00   1.852e+01   
9.54993e+00   1.852e+01   
9.55088e+00   1.807e+01   
9.77237e+00   1.807e+01   
9.77335e+00   1.807e+01   
1.00000e+01   1.807e+01   
1.00010e+01   1.769e+01   
1.02329e+01   1.769e+01   
1.02340e+01   1.748e+01   
1.04713e+01   1.748e+01   
1.04723e+01   1.740e+01   
1.07152e+01   1.740e+01   
1.07163e+01   1.694e+01   
1.09648e+01   1.694e+01   
1.09659e+01   1.688e+01   
1.12202e+01   1.688e+01   
1.12213e+01   1.651e+01   
1.14815e+01   1.651e+01   
1.14827e+01   1.638e+01   
1.17490e+01   1.638e+01   
1.17502e+01   1.618e+01   
1.20226e+01   1.618e+01   
1.20238e+01   1.588e+01   
1.23027e+01   1.588e+01   
1.23039e+01   1.586e+01   
1.25893e+01   1.586e+01   
1.25905e+01   1.537e+01   
1.28825e+01   1.537e+01   
1.28838e+01   1.541e+01   
1.31826e+01   1.541e+01   
1.31839e+01   1.497e+01   
1.34896e+01   1.497e+01   
1.34910e+01   1.491e+01   
1.38038e+01   1.491e+01   
1.38052e+01   1.458e+01   
1.41254e+01   1.458e+01   
1.41268e+01   1.444e+01   
1.44544e+01   1.444e+01   
1.44558e+01   1.410e+01   
1.47911e+01   1.410e+01   
1.47926e+01   1.391e+01   
1.51356e+01   1.391e+01   
1.51371e+01   1.359e+01   
1.54882e+01   1.359e+01   
1.54897e+01   1.336e+01   
1.58489e+01   1.336e+01   
1.58505e+01   1.308e+01   
1.62181e+01   1.308e+01   
1.62197e+01   1.282e+01   
1.65959e+01   1.282e+01   
1.65975e+01   1.253e+01   
1.69824e+01   1.253e+01   
1.69841e+01   1.232e+01   
1.73780e+01   1.232e+01   
1.73797e+01   1.193e+01   
1.77828e+01   1.193e+01   
1.77846e+01   1.178e+01   
1.81970e+01   1.178e+01   
1.81988e+01   1.130e+01   
1.86209e+01   1.130e+01   
1.86227e+01   1.123e+01   
1.90546e+01   1.123e+01   
1.90565e+01   1.077e+01   
1.94984e+01   1.077e+01   
1.95004e+01   1.070e+01   
1.99526e+01   1.070e+01   
1.99546e+01   1.042e+01   
2.04174e+01   1.042e+01   
2.04194e+01   1.028e+01   
2.08930e+01   1.028e+01   
2.08951e+01   1.013e+01   
2.13796e+01   1.013e+01   
2.13818e+01   9.906e+00   
2.18776e+01   9.906e+00   
2.18798e+01   9.809e+00   
2.23872e+01   9.809e+00   
2.23895e+01   9.479e+00   
2.29087e+01   9.479e+00   
2.29110e+01   9.368e+00   
2.34423e+01   9.368e+00   
2.34446e+01   9.114e+00   
2.39883e+01   9.114e+00   
2.39907e+01   8.909e+00   
2.45471e+01   8.909e+00   
2.45495e+01   8.756e+00   
2.51189e+01   8.756e+00   
2.51214e+01   8.455e+00   
2.57040e+01   8.455e+00   
2.57065e+01   8.299e+00   
2.63027e+01   8.299e+00   
2.63053e+01   8.109e+00   
2.69153e+01   8.109e+00   
2.69180e+01   7.869e+00   
2.75423e+01   7.869e+00   
2.75450e+01   7.752e+00   
2.81838e+01   7.752e+00   
2.81866e+01   7.527e+00   
2.88403e+01   7.527e+00   
2.88432e+01   7.339e+00   
2.95121e+01   7.339e+00   
2.95150e+01   7.213e+00   
3.01995e+01   7.213e+00   
3.02025e+01   6.953e+00   
3.09030e+01   6.953e+00   
3.09060e+01   6.789e+00   
3.16228e+01   6.789e+00   
3.16259e+01   6.640e+00   
3.23594e+01   6.640e+00   
3.23626e+01   6.464e+00   
3.31131e+01   6.464e+00   
3.31164e+01   6.294e+00   
3.38844e+01   6.294e+00   
3.38878e+01   6.172e+00   
3.46737e+01   6.172e+00   
3.46772e+01   6.005e+00   
3.54813e+01   6.005e+00   
3.54849e+01   5.918e+00   
3.63078e+01   5.918e+00   
3.63114e+01   5.718e+00   
3.71535e+01   5.718e+00   
3.71572e+01   5.558e+00   
3.80189e+01   5.558e+00   
3.80227e+01   5.394e+00   
3.89045e+01   5.394e+00   
3.89084e+01   5.237e+00   
3.98107e+01   5.237e+00   
3.98147e+01   5.073e+00   
4.07380e+01   5.073e+00   
4.07421e+01   4.931e+00   
4.16869e+01   4.931e+00   
4.16911e+01   4.798e+00   
4.26580e+01   4.798e+00   
4.26622e+01   4.687e+00   
4.36516e+01   4.687e+00   
4.36559e+01   4.582e+00   
4.46684e+01   4.582e+00   
4.46728e+01   4.427e+00   
4.57088e+01   4.427e+00   
4.57134e+01   4.342e+00   
4.67735e+01   4.342e+00   
4.67782e+01   4.225e+00   
4.78630e+01   4.225e+00   
4.78678e+01   4.106e+00   
4.89779e+01   4.106e+00   
4.89828e+01   3.986e+00   
5.01187e+01   3.986e+00   
5.01237e+01   3.892e+00   
5.12861e+01   3.892e+00   
5.12913e+01   3.784e+00   
5.24807e+01   3.784e+00   
5.24860e+01   3.707e+00   
5.37032e+01   3.707e+00   
5.37085e+01   3.589e+00   
5.49541e+01   3.589e+00   
5.49596e+01   3.482e+00   
5.62341e+01   3.482e+00   
5.62398e+01   3.393e+00   
5.75440e+01   3.393e+00   
5.75497e+01   3.304e+00   
5.88844e+01   3.304e+00   
5.88903e+01   3.216e+00   
6.02560e+01   3.216e+00   
6.02620e+01   3.112e+00   
6.16595e+01   3.112e+00   
6.16657e+01   3.022e+00   
6.30957e+01   3.022e+00   
6.31020e+01   2.938e+00   
6.45654e+01   2.938e+00   
6.45719e+01   2.850e+00   
6.60693e+01   2.850e+00   
6.60760e+01   2.762e+00   
6.76083e+01   2.762e+00   
6.76151e+01   2.671e+00   
6.91831e+01   2.671e+00   
6.91900e+01   2.595e+00   
7.07946e+01   2.595e+00   
7.08017e+01   2.513e+00   
7.24436e+01   2.513e+00   
7.24508e+01   2.486e+00   
7.41310e+01   2.486e+00   
7.41384e+01   2.377e+00   
7.58578e+01   2.377e+00   
7.58653e+01   2.307e+00   
7.76247e+01   2.307e+00   
7.76325e+01   2.250e+00   
7.94328e+01   2.250e+00   
7.94408e+01   2.170e+00   
8.12831e+01   2.170e+00   
8.12912e+01   2.106e+00   
8.31764e+01   2.106e+00   
8.31847e+01   2.047e+00   
8.51138e+01   2.047e+00   
8.51223e+01   1.996e+00   
8.70964e+01   1.996e+00   
8.71051e+01   1.925e+00   
8.91251e+01   1.925e+00   
8.91340e+01   1.869e+00   
9.12011e+01   1.869e+00   
9.12102e+01   1.811e+00   
9.33254e+01   1.811e+00   
9.33348e+01   1.758e+00   
9.54993e+01   1.758e+00   
9.55088e+01   1.702e+00   
9.77237e+01   1.702e+00   
9.77335e+01   1.651e+00   
1.00000e+02   1.651e+00   
1.00010e+02   1.602e+00   
1.02329e+02   1.602e+00   
1.02340e+02   1.555e+00   
1.04713e+02   1.555e+00   
1.04723e+02   1.541e+00   
1.07152e+02   1.541e+00   
1.07163e+02   1.454e+00   
1.09648e+02   1.454e+00   
1.09659e+02   1.410e+00   
1.12202e+02   1.410e+00   
1.12213e+02   1.366e+00   
1.14815e+02   1.366e+00   
1.14827e+02   1.323e+00   
1.17490e+02   1.323e+00   
1.17502e+02   1.295e+00   
1.20226e+02   1.295e+00   
1.20238e+02   1.237e+00   
1.23027e+02   1.237e+00   
1.23039e+02   1.193e+00   
1.25893e+02   1.193e+00   
1.25905e+02   1.152e+00   
1.28825e+02   1.152e+00   
1.28838e+02   1.111e+00   
1.31826e+02   1.111e+00   
1.31839e+02   1.124e+00   
1.34896e+02   1.124e+00   
1.34910e+02   1.032e+00   
1.38038e+02   1.032e+00   
1.38052e+02   9.923e-01   
1.41254e+02   9.923e-01   
1.41268e+02   9.619e-01   
1.44544e+02   9.619e-01   
1.44558e+02   9.124e-01   
1.47911e+02   9.124e-01   
1.47926e+02   8.755e-01   
1.51356e+02   8.755e-01   
1.51371e+02   8.370e-01   
1.54882e+02   8.370e-01   
1.54897e+02   8.000e-01   
1.58489e+02   8.000e-01   
1.58505e+02   7.632e-01   
1.62181e+02   7.632e-01   
1.62197e+02   7.256e-01   
1.65959e+02   7.256e-01   
1.65975e+02   6.875e-01   
1.69824e+02   6.875e-01   
1.69841e+02   6.524e-01   
1.73780e+02   6.524e-01   
1.73797e+02   6.185e-01   
1.77828e+02   6.185e-01   
1.77846e+02   5.857e-01   
1.81970e+02   5.857e-01   
1.81988e+02   5.534e-01   
1.86209e+02   5.534e-01   
1.86227e+02   5.218e-01   
1.90546e+02   5.218e-01   
1.90565e+02   4.914e-01   
1.94984e+02   4.914e-01   
1.95004e+02   4.619e-01   
1.99526e+02   4.619e-01   
1.99546e+02   4.325e-01   
2.04174e+02   4.325e-01   
2.04194e+02   4.045e-01   
2.08930e+02   4.045e-01   
2.08951e+02   3.784e-01   
2.13796e+02   3.784e-01   
2.13818e+02   3.535e-01   
2.18776e+02   3.535e-01   
2.18798e+02   3.517e-01   
2.23872e+02   3.517e-01   
2.23895e+02   3.066e-01   
2.29087e+02   3.066e-01   
2.29110e+02   2.850e-01   
2.34423e+02   2.850e-01   
2.34446e+02   2.646e-01   
2.39883e+02   2.646e-01   
2.39907e+02   3.982e-01   
2.45471e+02   3.982e-01   
2.45495e+02   2.273e-01   
2.51189e+02   2.273e-01   
2.51214e+02   2.668e-01   
2.57040e+02   2.668e-01   
2.57065e+02   1.933e-01   
2.63027e+02   1.933e-01   
2.63053e+02   1.782e-01   
2.69153e+02   1.782e-01   
2.69180e+02   1.642e-01   
2.75423e+02   1.642e-01   
2.75450e+02   1.511e-01   
2.81838e+02   1.511e-01   
2.81866e+02   1.386e-01   
2.88403e+02   1.386e-01   
2.88432e+02   1.268e-01   
2.95121e+02   1.268e-01   
2.95150e+02   1.160e-01   
3.01995e+02   1.160e-01   
3.02025e+02   1.069e-01   
3.09030e+02   1.069e-01   
3.09060e+02   9.756e-02   
3.16228e+02   9.756e-02   
3.16259e+02   8.929e-02   
3.23594e+02   8.929e-02   
3.23626e+02   8.445e-02   
3.31131e+02   8.445e-02   
3.31164e+02   7.467e-02   
3.38844e+02   7.467e-02   
3.38878e+02   6.811e-02   
3.46737e+02   6.811e-02   
3.46772e+02   6.681e-02   
3.54813e+02   6.681e-02   
3.54849e+02   5.670e-02   
3.63078e+02   5.670e-02   
3.63114e+02   7.888e-02   
3.71535e+02   7.888e-02   
3.71572e+02   4.719e-02   
3.80189e+02   4.719e-02   
3.80227e+02   4.309e-02   
3.89045e+02   4.309e-02   
3.89084e+02   3.914e-02   
3.98107e+02   3.914e-02   
3.98147e+02   3.586e-02   
4.07380e+02   3.586e-02   
4.07421e+02   3.241e-02   
4.16869e+02   3.241e-02   
4.16911e+02   2.944e-02   
4.26580e+02   2.944e-02   
4.26622e+02   2.832e-02   
4.36516e+02   2.832e-02   
4.36559e+02   2.436e-02   
4.46684e+02   2.436e-02   
4.46728e+02   2.920e-02   
4.57088e+02   2.920e-02   
4.57134e+02   2.012e-02   
4.67735e+02   2.012e-02   
4.67782e+02   1.826e-02   
4.78630e+02   1.826e-02   
4.78678e+02   3.546e-02   
4.89779e+02   3.546e-02   
4.89828e+02   8.346e-02   
5.01187e+02   8.346e-02   
5.01237e+02   1.374e-02   
5.12861e+02   1.374e-02   
5.12913e+02   1.245e-02   
5.24807e+02   1.245e-02   
5.24860e+02   1.120e-02   
5.37032e+02   1.120e-02   
5.37085e+02   1.003e-02   
5.49541e+02   1.003e-02   
5.49596e+02   9.138e-03   
5.62341e+02   9.138e-03   
5.62398e+02   8.474e-03   
5.75440e+02   8.474e-03   
5.75497e+02   7.438e-03   
5.88844e+02   7.438e-03   
5.88903e+02   6.754e-03   
6.02560e+02   6.754e-03   
6.02620e+02   6.116e-03   
6.16595e+02   6.116e-03   
6.16657e+02   5.547e-03   
6.30957e+02   5.547e-03   
6.31020e+02   5.031e-03   
6.45654e+02   5.031e-03   
6.45719e+02   4.562e-03   
6.60693e+02   4.562e-03   
6.60760e+02   4.143e-03   
6.76083e+02   4.143e-03   
6.76151e+02   3.744e-03   
6.91831e+02   3.744e-03   
6.91900e+02   3.454e-03   
7.07946e+02   3.454e-03   
7.08017e+02   3.246e-03   
7.24436e+02   3.246e-03   
7.24508e+02   2.965e-03   
7.41310e+02   2.965e-03   
7.41384e+02   2.519e-03   
7.58578e+02   2.519e-03   
7.58653e+02   2.910e-03   
7.76247e+02   2.910e-03   
7.76325e+02   8.894e-03   
7.94328e+02   8.894e-03   
7.94408e+02   1.929e-03   
8.12831e+02   1.929e-03   
8.12912e+02   1.707e-03   
8.31764e+02   1.707e-03   
8.31847e+02   1.557e-03   
8.51138e+02   1.557e-03   
8.51223e+02   1.392e-03   
8.70964e+02   1.392e-03   
8.71051e+02   1.259e-03   
8.91251e+02   1.259e-03   
8.91340e+02   1.143e-03   
9.12011e+02   1.143e-03   
9.12102e+02   1.034e-03   
9.33254e+02   1.034e-03   
9.33348e+02   9.382e-04   
9.54993e+02   9.382e-04   
9.55088e+02   8.513e-04   
9.77237e+02   8.513e-04   
9.77335e+02   7.834e-04   
1.00000e+03   7.834e-04   
1.00010e+03   7.376e-04   
1.02329e+03   7.376e-04   
1.02340e+03   6.378e-04   
1.04713e+03   6.378e-04   
1.04723e+03   5.802e-04   
1.07152e+03   5.802e-04   
1.07163e+03   5.318e-04   
1.09648e+03   5.318e-04   
1.09659e+03   5.328e-04   
1.12202e+03   5.328e-04   
1.12213e+03   4.380e-04   
1.14815e+03   4.380e-04   
1.14827e+03   3.936e-04   
1.17490e+03   3.936e-04   
1.17502e+03   3.532e-04   
1.20226e+03   3.532e-04   
1.20238e+03   3.201e-04   
1.23027e+03   3.201e-04   
1.23039e+03   2.907e-04   
1.25893e+03   2.907e-04   
1.25905e+03   2.638e-04   
1.28825e+03   2.638e-04   
1.28838e+03   2.394e-04   
1.31826e+03   2.394e-04   
1.31839e+03   2.168e-04   
1.34896e+03   2.168e-04   
1.34910e+03   1.972e-04   
1.38038e+03   1.972e-04   
1.38052e+03   1.793e-04   
1.41254e+03   1.793e-04   
1.41268e+03   1.626e-04   
1.44544e+03   1.626e-04   
1.44558e+03   1.475e-04   
1.47911e+03   1.475e-04   
1.47926e+03   1.531e-04   
1.51356e+03   1.531e-04   
1.51371e+03   1.217e-04   
1.54882e+03   1.217e-04   
1.54897e+03   1.106e-04   
1.58489e+03   1.106e-04   
1.58505e+03   1.011e-04   
1.62181e+03   1.011e-04   
1.62197e+03   9.149e-05   
1.65959e+03   9.149e-05   
1.65975e+03   8.292e-05   
1.69824e+03   8.292e-05   
1.69841e+03   7.503e-05   
1.73780e+03   7.503e-05   
1.73797e+03   6.830e-05   
1.77828e+03   6.830e-05   
1.77846e+03   6.208e-05   
1.81970e+03   6.208e-05   
1.81988e+03   5.958e-05   
1.86209e+03   5.958e-05   
1.86227e+03   5.504e-05   
1.90546e+03   5.504e-05   
1.90565e+03   4.652e-05   
1.94984e+03   4.652e-05   
1.95004e+03   4.272e-05   
1.99526e+03   4.272e-05   
1.99546e+03   3.932e-05   
2.04174e+03   3.932e-05   
2.04194e+03   3.536e-05   
2.08930e+03   3.536e-05   
2.08951e+03   3.166e-05   
2.13796e+03   3.166e-05   
2.13818e+03   3.158e-05   
2.18776e+03   3.158e-05   
2.18798e+03   2.622e-05   
2.23872e+03   2.622e-05   
2.23895e+03   2.389e-05   
2.29087e+03   2.389e-05   
2.29110e+03   2.170e-05   
2.34423e+03   2.170e-05   
2.34446e+03   1.964e-05   
2.39883e+03   1.964e-05   
2.39907e+03   1.788e-05   
2.45471e+03   1.788e-05   
2.45495e+03   1.627e-05   
2.51189e+03   1.627e-05   
2.51214e+03   1.478e-05   
2.57040e+03   1.478e-05   
2.57065e+03   1.346e-05   
2.63027e+03   1.346e-05   
2.63053e+03   1.223e-05   
2.69153e+03   1.223e-05   
2.69180e+03   1.111e-05   
2.75423e+03   1.111e-05   
2.75450e+03   1.009e-05   
2.81838e+03   1.009e-05   
2.81866e+03   9.192e-06   
2.88403e+03   9.192e-06   
2.88432e+03   8.370e-06   
2.95121e+03   8.370e-06   
2.95150e+03   7.626e-06   
3.01995e+03   7.626e-06   
3.02025e+03   6.917e-06   
3.09030e+03   6.917e-06   
3.09060e+03   6.282e-06   
3.16228e+03   6.282e-06   
3.16259e+03   5.717e-06   
3.23594e+03   5.717e-06   
3.23626e+03   5.210e-06   
3.31131e+03   5.210e-06   
3.31164e+03   4.740e-06   
3.38844e+03   4.740e-06   
3.38878e+03   4.309e-06   
3.46737e+03   4.309e-06   
3.46772e+03   3.928e-06   
3.54813e+03   3.928e-06   
3.54849e+03   3.578e-06   
3.63078e+03   3.578e-06   
3.63114e+03   3.248e-06   
3.71535e+03   3.248e-06   
3.71572e+03   2.959e-06   
3.80189e+03   2.959e-06   
3.80227e+03   2.690e-06   
3.89045e+03   2.690e-06   
3.89084e+03   2.453e-06   
3.98107e+03   2.453e-06   
3.98147e+03   2.235e-06   
4.07380e+03   2.235e-06   
4.07421e+03   2.039e-06   
4.16869e+03   2.039e-06   
4.16911e+03   1.858e-06   
4.26580e+03   1.858e-06   
4.26622e+03   1.692e-06   
4.36516e+03   1.692e-06   
4.36559e+03   1.542e-06   
4.46684e+03   1.542e-06   
4.46728e+03   1.405e-06   
4.57088e+03   1.405e-06   
4.57134e+03   1.287e-06   
4.67735e+03   1.287e-06   
4.67782e+03   1.168e-06   
4.78630e+03   1.168e-06   
4.78678e+03   1.066e-06   
4.89779e+03   1.066e-06   
4.89828e+03   9.733e-07   
5.01187e+03   9.733e-07   
5.01237e+03   8.889e-07   
5.12861e+03   8.889e-07   
5.12913e+03   8.114e-07   
5.24807e+03   8.114e-07   
5.24860e+03   7.422e-07   
5.37032e+03   7.422e-07   
5.37085e+03   6.792e-07   
5.49541e+03   6.792e-07   
5.49596e+03   6.208e-07   
5.62341e+03   6.208e-07   
5.62398e+03   5.671e-07   
5.75440e+03   5.671e-07   
5.75497e+03   5.198e-07   
5.88844e+03   5.198e-07   
5.88903e+03   4.750e-07   
6.02560e+03   4.750e-07   
6.02620e+03   4.357e-07   
6.16595e+03   4.357e-07   
6.16657e+03   3.993e-07   
6.30957e+03   3.993e-07   
6.31020e+03   3.666e-07   
6.45654e+03   3.666e-07   
6.45719e+03   3.369e-07   
6.60693e+03   3.369e-07   
6.60760e+03   3.091e-07   
6.76083e+03   3.091e-07   
6.76151e+03   2.848e-07   
6.91831e+03   2.848e-07   
6.91900e+03   2.618e-07   
7.07946e+03   2.618e-07   
7.08017e+03   2.410e-07   
7.24436e+03   2.410e-07   
7.24508e+03   2.220e-07   
7.41310e+03   2.220e-07   
7.41384e+03   2.047e-07   
7.58578e+03   2.047e-07   
7.58653e+03   1.889e-07   
7.76247e+03   1.889e-07   
7.76325e+03   1.744e-07   
7.94328e+03   1.744e-07   
7.94408e+03   1.614e-07   
8.12831e+03   1.614e-07   
8.12912e+03   1.491e-07   
8.31764e+03   1.491e-07   
8.31847e+03   1.385e-07   
8.51138e+03   1.385e-07   
8.51223e+03   1.281e-07   
8.70964e+03   1.281e-07   
8.71051e+03   1.193e-07   
8.91251e+03   1.193e-07   
8.91340e+03   1.108e-07   
9.12011e+03   1.108e-07   
9.12102e+03   1.031e-07   
9.33254e+03   1.031e-07   
9.33348e+03   9.610e-08   
9.54993e+03   9.610e-08   
9.55088e+03   8.957e-08   
9.77237e+03   8.957e-08   
9.77335e+03   8.365e-08   
1.00000e+04   8.365e-08   
1.00010e+04   7.823e-08   
1.02329e+04   7.823e-08   
1.02340e+04   7.323e-08   
1.04713e+04   7.323e-08   
1.04723e+04   6.836e-08   
1.07152e+04   6.836e-08   
1.07163e+04   6.433e-08   
1.09648e+04   6.433e-08   
1.09659e+04   6.017e-08   
1.12202e+04   6.017e-08   
1.12213e+04   5.682e-08   
1.14815e+04   5.682e-08   
1.14827e+04   5.324e-08   
1.17490e+04   5.324e-08   
1.17502e+04   5.042e-08   
1.20226e+04   5.042e-08   
1.20238e+04   4.734e-08   
1.23027e+04   4.734e-08   
1.23039e+04   4.468e-08   
1.25893e+04   4.468e-08   
1.25905e+04   4.226e-08   
1.28825e+04   4.226e-08   
1.28838e+04   3.981e-08   
1.31826e+04   3.981e-08   
1.31839e+04   3.793e-08   
1.34896e+04   3.793e-08   
1.34910e+04   3.579e-08   
1.38038e+04   3.579e-08   
1.38052e+04   3.418e-08   
1.41254e+04   3.418e-08   
1.41268e+04   3.230e-08   
1.44544e+04   3.230e-08   
1.44558e+04   3.074e-08   
1.47911e+04   3.074e-08   
1.47926e+04   2.928e-08   
1.51356e+04   2.928e-08   
1.51371e+04   2.791e-08   
1.54882e+04   2.791e-08   
1.54897e+04   2.664e-08   
1.58489e+04   2.664e-08   
1.58505e+04   2.528e-08   
1.62181e+04   2.528e-08   
1.62197e+04   2.416e-08   
1.65959e+04   2.416e-08   
1.65975e+04   2.311e-08   
1.69824e+04   2.311e-08   
1.69841e+04   2.212e-08   
1.73780e+04   2.212e-08   
1.73797e+04   2.119e-08   
1.77828e+04   2.119e-08   
1.77846e+04   2.032e-08   
1.81970e+04   2.032e-08   
1.81988e+04   1.936e-08   
1.86209e+04   1.936e-08   
1.86227e+04   1.872e-08   
1.90546e+04   1.872e-08   
1.90565e+04   1.786e-08   
1.94984e+04   1.786e-08   
1.95004e+04   1.704e-08   
1.99526e+04   1.704e-08   
1.99546e+04   1.639e-08   
2.04174e+04   1.639e-08   
2.04194e+04   1.577e-08   
2.08930e+04   1.577e-08   
2.08951e+04   1.518e-08   
2.13796e+04   1.518e-08   
2.13818e+04   1.451e-08   
2.18776e+04   1.451e-08   
2.18798e+04   1.409e-08   
2.23872e+04   1.409e-08   
2.23895e+04   1.348e-08   
2.29087e+04   1.348e-08   
2.29110e+04   1.290e-08   
2.34423e+04   1.290e-08   
2.34446e+04   1.245e-08   
2.39883e+04   1.245e-08   
2.39907e+04   1.201e-08   
2.45471e+04   1.201e-08   
2.45495e+04   1.160e-08   
2.51189e+04   1.160e-08   
2.51214e+04   1.111e-08   
2.57040e+04   1.111e-08   
2.57065e+04   1.065e-08   
2.63027e+04   1.065e-08   
2.63053e+04   1.037e-08   
2.69153e+04   1.037e-08   
2.69180e+04   9.949e-09   
2.75423e+04   9.949e-09   
2.75450e+04   9.619e-09   
2.81838e+04   9.619e-09   
2.81866e+04   9.230e-09   
2.88403e+04   9.230e-09   
2.88432e+04   8.927e-09   
2.95121e+04   8.927e-09   
2.95150e+04   8.568e-09   
3.01995e+04   8.568e-09   
3.02025e+04   8.291e-09   
3.09030e+04   8.291e-09   
3.09060e+04   8.025e-09   
3.16228e+04   8.025e-09   
3.16259e+04   7.707e-09   
3.23594e+04   7.707e-09   
3.23626e+04   7.462e-09   
3.31131e+04   7.462e-09   
3.31164e+04   7.166e-09   
3.38844e+04   7.166e-09   
3.38878e+04   6.883e-09   
3.46737e+04   6.883e-09   
3.46772e+04   6.665e-09   
3.54813e+04   6.665e-09   
3.54849e+04   6.403e-09   
3.63078e+04   6.403e-09   
3.63114e+04   6.202e-09   
3.71535e+04   6.202e-09   
3.71572e+04   6.009e-09   
3.80189e+04   6.009e-09   
3.80227e+04   5.823e-09   
3.89045e+04   5.823e-09   
3.89084e+04   5.597e-09   
3.98107e+04   5.597e-09   
3.98147e+04   5.380e-09   
4.07380e+04   5.380e-09   
4.07421e+04   5.215e-09   
4.16869e+04   5.215e-09   
4.16911e+04   5.014e-09   
4.26580e+04   5.014e-09   
4.26622e+04   4.861e-09   
4.36516e+04   4.861e-09   
4.36559e+04   4.673e-09   
4.46684e+04   4.673e-09   
4.46728e+04   4.494e-09   
4.57088e+04   4.494e-09   
4.57134e+04   4.358e-09   
4.67735e+04   4.358e-09   
4.67782e+04   4.190e-09   
4.78630e+04   4.190e-09   
4.78678e+04   3.994e-09   
4.89779e+04   3.994e-09   
4.89828e+04   3.873e-09   
5.01187e+04   3.873e-09   
5.01237e+04   3.724e-09   
5.12861e+04   3.724e-09   
5.12913e+04   3.612e-09   
5.24807e+04   3.612e-09   
5.24860e+04   3.473e-09   
5.37032e+04   3.473e-09   
5.37085e+04   3.340e-09   
5.49541e+04   3.340e-09   
5.49596e+04   3.240e-09   
5.62341e+04   3.240e-09   
5.62398e+04   3.117e-09   
5.75440e+04   3.117e-09   
5.75497e+04   3.025e-09   
5.88844e+04   3.025e-09   
5.88903e+04   2.883e-09   
6.02560e+04   2.883e-09   
6.02620e+04   2.773e-09   
6.16595e+04   2.773e-09   
6.16657e+04   2.691e-09   
6.30957e+04   2.691e-09   
6.31020e+04   2.588e-09   
6.45654e+04   2.588e-09   
6.45719e+04   2.512e-09   
6.60693e+04   2.512e-09   
6.60760e+04   2.394e-09   
6.76083e+04   2.394e-09   
6.76151e+04   2.303e-09   
6.91831e+04   2.303e-09   
6.91900e+04   2.235e-09   
7.07946e+04   2.235e-09   
7.08017e+04   2.150e-09   
7.24436e+04   2.150e-09   
7.24508e+04   2.049e-09   
7.41310e+04   2.049e-09   
7.41384e+04   1.989e-09   
7.58578e+04   1.989e-09   
7.58653e+04   1.913e-09   
7.76247e+04   1.913e-09   
7.76325e+04   1.823e-09   
7.94328e+04   1.823e-09   
7.94408e+04   1.769e-09   
8.12831e+04   1.769e-09   
8.12912e+04   1.702e-09   
8.31764e+04   1.702e-09   
8.31847e+04   1.637e-09   
8.51138e+04   1.637e-09   
8.51223e+04   1.575e-09   
8.70964e+04   1.575e-09   
8.71051e+04   1.515e-09   
8.91251e+04   1.515e-09   
8.91340e+04   1.457e-09   
9.12011e+04   1.457e-09   
9.12102e+04   1.402e-09   
9.33254e+04   1.402e-09   
9.33348e+04   1.336e-09   
9.54993e+04   1.336e-09   
9.55088e+04   1.297e-09   
9.77237e+04   1.297e-09   
9.77335e+04   1.236e-09   
1.00000e+05   1.236e-09   
1.00010e+05   1.189e-09   
1.02329e+05   1.189e-09   
1.02340e+05   1.143e-09   
1.04713e+05   1.143e-09   
1.04723e+05   1.099e-09   
1.07152e+05   1.099e-09   
1.07163e+05   1.047e-09   
1.09648e+05   1.047e-09   
1.09659e+05   1.017e-09   
1.12202e+05   1.017e-09   
1.12213e+05   9.684e-10   
1.14815e+05   9.684e-10   
1.14827e+05   9.405e-10   
1.17490e+05   9.405e-10   
1.17502e+05   8.956e-10   
1.20226e+05   8.956e-10   
1.20238e+05   8.527e-10   
1.23027e+05   8.527e-10   
1.23039e+05   8.282e-10   
1.25893e+05   8.282e-10   
1.25905e+05   7.885e-10   
1.28825e+05   7.885e-10   
1.28838e+05   7.506e-10   
1.31826e+05   7.506e-10   
1.31839e+05   7.290e-10   
1.34896e+05   7.290e-10   
1.34910e+05   6.940e-10   
1.38038e+05   6.940e-10   
1.38052e+05   6.605e-10   
1.41254e+05   6.605e-10   
1.41268e+05   6.283e-10   
1.44544e+05   6.283e-10   
1.44558e+05   6.105e-10   
1.47911e+05   6.105e-10   
1.47926e+05   5.809e-10   
1.51356e+05   5.809e-10   
1.51371e+05   5.527e-10   
1.54882e+05   5.527e-10   
1.54897e+05   5.315e-10   
1.58489e+05   5.315e-10   
1.58505e+05   5.112e-10   
1.62181e+05   5.112e-10   
1.62197e+05   4.864e-10   
1.65959e+05   4.864e-10   
1.65975e+05   4.679e-10   
1.69824e+05   4.679e-10   
1.69841e+05   4.453e-10   
1.73780e+05   4.453e-10   
1.73797e+05   4.237e-10   
1.77828e+05   4.237e-10   
1.77846e+05   4.074e-10   
1.81970e+05   4.074e-10   
1.81988e+05   3.876e-10   
1.86209e+05   3.876e-10   
1.86227e+05   3.686e-10   
1.90546e+05   3.686e-10   
1.90565e+05   3.544e-10   
1.94984e+05   3.544e-10   
1.95004e+05   3.371e-10   
1.99526e+05   3.371e-10   
1.99546e+05   3.205e-10   
2.04174e+05   3.205e-10   
2.04194e+05   3.046e-10   
2.08930e+05   3.046e-10   
2.08951e+05   2.929e-10   
2.13796e+05   2.929e-10   
2.13818e+05   2.784e-10   
2.18776e+05   2.784e-10   
2.18798e+05   2.646e-10   
2.23872e+05   2.646e-10   
2.23895e+05   2.545e-10   
2.29087e+05   2.545e-10   
2.29110e+05   2.420e-10   
2.34423e+05   2.420e-10   
2.34446e+05   2.274e-10   
2.39883e+05   2.274e-10   
2.39907e+05   2.160e-10   
2.45471e+05   2.160e-10   
2.45495e+05   2.077e-10   
2.51189e+05   2.077e-10   
2.51214e+05   1.974e-10   
2.57040e+05   1.974e-10   
2.57065e+05   1.876e-10   
2.63027e+05   1.876e-10   
2.63053e+05   1.783e-10   
2.69153e+05   1.783e-10   
2.69180e+05   1.694e-10   
2.75423e+05   1.694e-10   
2.75450e+05   1.610e-10   
2.81838e+05   1.610e-10   
2.81866e+05   1.511e-10   
2.88403e+05   1.511e-10   
2.88432e+05   1.453e-10   
2.95121e+05   1.453e-10   
2.95150e+05   1.381e-10   
3.01995e+05   1.381e-10   
3.02025e+05   1.296e-10   
3.09030e+05   1.296e-10   
3.09060e+05   1.230e-10   
3.16228e+05   1.230e-10   
3.16259e+05   1.169e-10   
3.23594e+05   1.169e-10   
3.23626e+05   1.111e-10   
3.31131e+05   1.111e-10   
3.31164e+05   1.055e-10   
3.38844e+05   1.055e-10   
3.38878e+05   9.895e-11   
3.46737e+05   9.895e-11   
3.46772e+05   9.526e-11   
3.54813e+05   9.526e-11   
3.54849e+05   8.934e-11   
3.63078e+05   8.934e-11   
3.63114e+05   8.373e-11   
3.71535e+05   8.373e-11   
3.71572e+05   7.946e-11   
3.80189e+05   7.946e-11   
3.80227e+05   7.545e-11   
3.89045e+05   7.545e-11   
3.89084e+05   7.165e-11   
3.98107e+05   7.165e-11   
3.98147e+05   6.709e-11   
4.07380e+05   6.709e-11   
4.07421e+05   6.277e-11   
4.16869e+05   6.277e-11   
4.16911e+05   6.041e-11   
4.26580e+05   6.041e-11   
4.26622e+05   5.652e-11   
4.36516e+05   5.652e-11   
4.36559e+05   5.284e-11   
4.46684e+05   5.284e-11   
4.46728e+05   4.933e-11   
4.57088e+05   4.933e-11   
4.57134e+05   4.741e-11   
4.67735e+05   4.741e-11   
4.67782e+05   4.425e-11   
4.78630e+05   4.425e-11   
4.78678e+05   4.124e-11   
4.89779e+05   4.124e-11   
4.89828e+05   3.838e-11   
5.01187e+05   3.838e-11   
5.01237e+05   3.565e-11   
5.12861e+05   3.565e-11   
5.12913e+05   3.362e-11   
5.24807e+05   3.362e-11   
5.24860e+05   3.171e-11   
5.37032e+05   3.171e-11   
5.37085e+05   2.937e-11   
5.49541e+05   2.937e-11   
5.49596e+05   2.714e-11   
5.62341e+05   2.714e-11   
5.62398e+05   2.500e-11   
5.75440e+05   2.500e-11   
5.75497e+05   2.344e-11   
5.88844e+05   2.344e-11   
5.88903e+05   2.151e-11   
6.02560e+05   2.151e-11   
6.02620e+05   1.967e-11   
6.16595e+05   1.967e-11   
6.16657e+05   1.789e-11   
6.30957e+05   1.789e-11   
6.31020e+05   1.581e-11   
6.45654e+05   1.581e-11   
6.45719e+05   1.450e-11   
6.60693e+05   1.450e-11   
6.60760e+05   1.289e-11   
6.76083e+05   1.289e-11   
6.76151e+05   1.130e-11   
6.91831e+05   1.130e-11   
6.91900e+05   9.734e-12   
7.07946e+05   9.734e-12   
7.08017e+05   8.159e-12   
7.24436e+05   8.159e-12   
7.24508e+05   6.286e-12   
7.41310e+05   6.286e-12   
7.41384e+05   4.919e-12   
7.58578e+05   4.919e-12   
7.58653e+05   3.200e-12   
7.76247e+05   3.200e-12   
7.76325e+05   1.348e-12   
7.94328e+05   1.348e-12   
7.94408e+05   1.336e-16   
8.12831e+05   1.336e-16   
8.12912e+05   1.193e-16   
8.31764e+05   1.193e-16   
8.31847e+05   1.080e-16   
8.51138e+05   1.080e-16   
8.51223e+05   9.776e-17   
8.70964e+05   9.776e-17   
8.71051e+05   8.853e-17   
8.91251e+05   8.853e-17   
8.91340e+05   8.020e-17   
9.12011e+05   8.020e-17   
9.12102e+05   7.267e-17   
9.33254e+05   7.267e-17   
9.33348e+05   6.587e-17   
9.54993e+05   6.587e-17   
9.55088e+05   5.972e-17   
9.77237e+05   5.972e-17   
9.77335e+05   5.349e-17   
1.00000e+06   5.349e-17   
1.00010e+06   0.000e+00   
1.02329e+06   0.000e+00   
1.02340e+06   0.000e+00   
1.04713e+06   0.000e+00   
