!Evolution of population densities [cm-3] of HeI energy levels,
!first row: H nuclei concentration [cm-3], nb of times, number of HeI levels,
!second row: level nb,
! 2.000000e+04   78     31     
!time(s)     1           2           3           4           5           6           7           8           9           10          11          12          13          14          15          16          17          18          19          20          21          22          23          24          25          26          27          28          29          30          31          
0.0000e+00   2.000e-05   1.000e-99   1.000e-99   1.000e-99   1.000e-99   1.000e-99   1.000e-99   1.000e-99   1.000e-99   1.000e-99   1.000e-99   1.000e-99   1.000e-99   1.000e-99   1.000e-99   1.000e-99   1.000e-99   1.000e-99   1.000e-99   1.000e-99   1.000e-99   1.000e-99   1.000e-99   1.000e-99   1.000e-99   1.000e-99   1.000e-99   1.000e-99   1.000e-99   1.000e-99   1.000e-99   
1.0000e+01   2.000e-05   3.617e-17   1.782e-17   1.156e-25   7.314e-26   2.261e-26   6.742e-24   1.623e-26   9.902e-24   2.315e-26   1.393e-26   4.625e-27   4.727e-28   1.106e-27   1.551e-28   7.525e-25   5.223e-24   8.792e-27   5.864e-24   1.161e-26   6.969e-27   2.323e-27   3.352e-28   2.395e-28   1.437e-28   9.478e-25   4.115e-29   5.290e-29   2.939e-29   1.400e-26   4.748e-24   
1.0798e+01   2.000e-05   4.004e-17   1.782e-17   1.206e-25   7.612e-26   2.360e-26   6.742e-24   1.684e-26   9.904e-24   2.407e-26   1.448e-26   4.810e-27   4.948e-28   1.123e-27   1.645e-28   7.527e-25   5.223e-24   9.118e-27   5.865e-24   1.206e-26   7.237e-27   2.412e-27   3.567e-28   2.548e-28   1.529e-28   9.480e-25   4.438e-29   5.705e-29   3.170e-29   1.402e-26   4.749e-24   
1.1659e+01   2.000e-05   4.437e-17   1.783e-17   1.259e-25   7.933e-26   2.467e-26   6.743e-24   1.750e-26   9.905e-24   2.506e-26   1.508e-26   5.009e-27   5.188e-28   1.141e-27   1.748e-28   7.529e-25   5.223e-24   9.471e-27   5.865e-24   1.254e-26   7.527e-27   2.509e-27   3.799e-28   2.714e-28   1.628e-28   9.482e-25   4.788e-29   6.154e-29   3.419e-29   1.405e-26   4.749e-24   
1.2589e+01   2.000e-05   4.925e-17   1.783e-17   1.317e-25   8.279e-26   2.582e-26   6.743e-24   1.821e-26   9.906e-24   2.614e-26   1.573e-26   5.224e-27   5.447e-28   1.161e-27   1.858e-28   7.531e-25   5.223e-24   9.851e-27   5.866e-24   1.307e-26   7.840e-27   2.613e-27   4.049e-28   2.892e-28   1.735e-28   9.485e-25   5.165e-29   6.639e-29   3.688e-29   1.407e-26   4.749e-24   
1.3594e+01   2.000e-05   5.473e-17   1.784e-17   1.379e-25   8.654e-26   2.707e-26   6.744e-24   1.898e-26   9.908e-24   2.730e-26   1.642e-26   5.456e-27   5.726e-28   1.182e-27   1.977e-28   7.533e-25   5.224e-24   1.026e-26   5.867e-24   1.363e-26   8.177e-27   2.726e-27   4.319e-28   3.085e-28   1.851e-28   9.488e-25   5.572e-29   7.163e-29   3.979e-29   1.410e-26   4.749e-24   
1.4678e+01   2.000e-05   6.090e-17   1.785e-17   1.446e-25   9.058e-26   2.841e-26   6.744e-24   1.980e-26   9.909e-24   2.855e-26   1.718e-26   5.707e-27   6.028e-28   1.205e-27   2.105e-28   7.536e-25   5.224e-24   1.071e-26   5.868e-24   1.424e-26   8.542e-27   2.847e-27   4.611e-28   3.294e-28   1.976e-28   9.491e-25   6.012e-29   7.728e-29   4.293e-29   1.413e-26   4.750e-24   
1.5849e+01   2.000e-05   6.787e-17   1.786e-17   1.519e-25   9.494e-26   2.986e-26   6.744e-24   2.070e-26   9.911e-24   2.991e-26   1.799e-26   5.977e-27   6.353e-28   1.230e-27   2.244e-28   7.538e-25   5.224e-24   1.119e-26   5.869e-24   1.489e-26   8.935e-27   2.978e-27   4.926e-28   3.519e-28   2.111e-28   9.494e-25   6.486e-29   8.338e-29   4.632e-29   1.416e-26   4.750e-24   
1.7113e+01   2.000e-05   7.575e-17   1.786e-17   1.597e-25   9.965e-26   3.143e-26   6.745e-24   2.166e-26   9.913e-24   3.137e-26   1.886e-26   6.269e-27   6.705e-28   1.256e-27   2.393e-28   7.541e-25   5.225e-24   1.170e-26   5.870e-24   1.560e-26   9.360e-27   3.120e-27   5.266e-28   3.762e-28   2.257e-28   9.498e-25   6.999e-29   8.997e-29   4.998e-29   1.419e-26   4.750e-24   
1.8478e+01   2.000e-05   8.466e-17   1.787e-17   1.682e-25   1.047e-25   3.312e-26   6.746e-24   2.271e-26   9.914e-24   3.294e-26   1.981e-26   6.585e-27   7.084e-28   1.285e-27   2.555e-28   7.544e-25   5.225e-24   1.226e-26   5.871e-24   1.636e-26   9.819e-27   3.273e-27   5.633e-28   4.024e-28   2.414e-28   9.502e-25   7.552e-29   9.708e-29   5.393e-29   1.423e-26   4.751e-24   
1.9953e+01   2.000e-05   9.476e-17   1.786e-17   1.773e-25   1.102e-25   3.495e-26   6.746e-24   2.383e-26   9.917e-24   3.464e-26   2.083e-26   6.925e-27   7.494e-28   1.316e-27   2.729e-28   7.547e-25   5.225e-24   1.286e-26   5.872e-24   1.719e-26   1.031e-26   3.438e-27   6.029e-28   4.307e-28   2.584e-28   9.506e-25   8.150e-29   1.048e-28   5.820e-29   1.427e-26   4.751e-24   
2.1544e+01   2.000e-05   1.062e-16   1.785e-17   1.872e-25   1.162e-25   3.692e-26   6.747e-24   2.505e-26   9.919e-24   3.648e-26   2.193e-26   7.292e-27   7.936e-28   1.350e-27   2.918e-28   7.551e-25   5.226e-24   1.351e-26   5.873e-24   1.808e-26   1.085e-26   3.616e-27   6.457e-28   4.613e-28   2.767e-28   9.510e-25   8.795e-29   1.131e-28   6.281e-29   1.431e-26   4.751e-24   
2.3263e+01   2.000e-05   1.192e-16   1.786e-17   1.978e-25   1.225e-25   3.905e-26   6.747e-24   2.636e-26   9.921e-24   3.847e-26   2.312e-26   7.689e-27   8.414e-28   1.386e-27   3.121e-28   7.555e-25   5.226e-24   1.422e-26   5.875e-24   1.904e-26   1.143e-26   3.809e-27   6.919e-28   4.942e-28   2.965e-28   9.515e-25   9.491e-29   1.220e-28   6.778e-29   1.435e-26   4.752e-24   
2.5119e+01   2.000e-05   1.340e-16   1.787e-17   2.093e-25   1.295e-25   4.135e-26   6.748e-24   2.778e-26   9.924e-24   4.061e-26   2.441e-26   8.117e-27   8.929e-28   1.425e-27   3.340e-28   7.559e-25   5.227e-24   1.498e-26   5.876e-24   2.008e-26   1.205e-26   4.016e-27   7.417e-28   5.299e-28   3.179e-28   9.520e-25   1.024e-28   1.317e-28   7.315e-29   1.440e-26   4.752e-24   
2.7123e+01   2.000e-05   1.509e-16   1.788e-17   2.218e-25   1.369e-25   4.383e-26   6.749e-24   2.930e-26   9.927e-24   4.292e-26   2.579e-26   8.580e-27   9.486e-28   1.467e-27   3.577e-28   7.563e-25   5.227e-24   1.579e-26   5.878e-24   2.120e-26   1.272e-26   4.240e-27   7.956e-28   5.683e-28   3.410e-28   9.526e-25   1.105e-28   1.421e-28   7.895e-29   1.446e-26   4.753e-24   
2.9286e+01   2.000e-05   1.701e-16   1.788e-17   2.351e-25   1.450e-25   4.651e-26   6.750e-24   3.095e-26   9.930e-24   4.541e-26   2.729e-26   9.079e-27   1.009e-27   1.513e-27   3.833e-28   7.568e-25   5.228e-24   1.668e-26   5.879e-24   2.241e-26   1.345e-26   4.482e-27   8.537e-28   6.098e-28   3.659e-28   9.532e-25   1.193e-28   1.534e-28   8.521e-29   1.452e-26   4.754e-24   
3.1623e+01   2.000e-05   1.921e-16   1.788e-17   2.496e-25   1.537e-25   4.940e-26   6.751e-24   3.274e-26   9.933e-24   4.811e-26   2.891e-26   9.617e-27   1.073e-27   1.562e-27   4.109e-28   7.573e-25   5.229e-24   1.763e-26   5.881e-24   2.372e-26   1.423e-26   4.744e-27   9.164e-28   6.546e-28   3.927e-28   9.539e-25   1.288e-28   1.655e-28   9.196e-29   1.458e-26   4.754e-24   
3.4145e+01   2.000e-05   2.172e-16   1.789e-17   2.652e-25   1.630e-25   5.252e-26   6.752e-24   3.466e-26   9.936e-24   5.101e-26   3.065e-26   1.020e-26   1.143e-27   1.615e-27   4.407e-28   7.579e-25   5.229e-24   1.866e-26   5.883e-24   2.513e-26   1.508e-26   5.026e-27   9.841e-28   7.030e-28   4.218e-28   9.546e-25   1.390e-28   1.787e-28   9.926e-29   1.464e-26   4.755e-24   
3.6869e+01   2.000e-05   2.459e-16   1.790e-17   2.821e-25   1.732e-25   5.589e-26   6.753e-24   3.674e-26   9.940e-24   5.415e-26   3.254e-26   1.083e-26   1.219e-27   1.673e-27   4.729e-28   7.585e-25   5.230e-24   1.977e-26   5.885e-24   2.665e-26   1.599e-26   5.330e-27   1.057e-27   7.552e-28   4.531e-28   9.553e-25   1.500e-28   1.928e-28   1.071e-28   1.472e-26   4.756e-24   
3.9811e+01   2.000e-05   2.788e-16   1.791e-17   3.003e-25   1.841e-25   5.952e-26   6.754e-24   3.898e-26   9.944e-24   5.754e-26   3.457e-26   1.150e-26   1.301e-27   1.735e-27   5.076e-28   7.591e-25   5.231e-24   2.097e-26   5.888e-24   2.829e-26   1.698e-26   5.658e-27   1.136e-27   8.116e-28   4.869e-28   9.562e-25   1.619e-28   2.081e-28   1.156e-28   1.480e-26   4.756e-24   
4.2987e+01   2.000e-05   3.165e-16   1.791e-17   3.199e-25   1.959e-25   6.345e-26   6.756e-24   4.140e-26   9.949e-24   6.120e-26   3.676e-26   1.224e-26   1.389e-27   1.801e-27   5.451e-28   7.598e-25   5.232e-24   2.227e-26   5.890e-24   3.007e-26   1.804e-26   6.013e-27   1.221e-27   8.724e-28   5.234e-28   9.570e-25   1.748e-28   2.247e-28   1.248e-28   1.488e-26   4.757e-24   
4.6416e+01   2.000e-05   3.597e-16   1.792e-17   3.411e-25   2.086e-25   6.768e-26   6.757e-24   4.401e-26   9.954e-24   6.514e-26   3.913e-26   1.302e-26   1.484e-27   1.874e-27   5.856e-28   7.606e-25   5.233e-24   2.367e-26   5.893e-24   3.198e-26   1.919e-26   6.396e-27   1.313e-27   9.380e-28   5.628e-28   9.580e-25   1.886e-28   2.425e-28   1.347e-28   1.497e-26   4.758e-24   
5.0119e+01   2.000e-05   4.094e-16   1.794e-17   3.640e-25   2.224e-25   7.225e-26   6.758e-24   4.682e-26   9.959e-24   6.940e-26   4.169e-26   1.388e-26   1.586e-27   1.951e-27   6.292e-28   7.614e-25   5.234e-24   2.518e-26   5.896e-24   3.404e-26   2.043e-26   6.809e-27   1.412e-27   1.009e-27   6.053e-28   9.590e-25   2.036e-28   2.617e-28   1.454e-28   1.507e-26   4.759e-24   
5.4117e+01   2.000e-05   4.666e-16   1.795e-17   3.887e-25   2.372e-25   7.719e-26   6.760e-24   4.987e-26   9.964e-24   7.400e-26   4.444e-26   1.480e-26   1.697e-27   2.035e-27   6.764e-28   7.623e-25   5.235e-24   2.680e-26   5.899e-24   3.627e-26   2.176e-26   7.254e-27   1.519e-27   1.085e-27   6.512e-28   9.602e-25   2.198e-28   2.825e-28   1.570e-28   1.518e-26   4.760e-24   
5.8434e+01   2.000e-05   5.323e-16   1.796e-17   4.153e-25   2.532e-25   8.252e-26   6.762e-24   5.315e-26   9.970e-24   7.896e-26   4.742e-26   1.579e-26   1.816e-27   2.126e-27   7.273e-28   7.633e-25   5.236e-24   2.856e-26   5.902e-24   3.868e-26   2.321e-26   7.735e-27   1.635e-27   1.168e-27   7.007e-28   9.614e-25   2.372e-28   3.050e-28   1.694e-28   1.529e-26   4.761e-24   
6.3096e+01   2.000e-05   6.080e-16   1.797e-17   4.441e-25   2.705e-25   8.826e-26   6.764e-24   5.669e-26   9.977e-24   8.431e-26   5.063e-26   1.686e-26   1.945e-27   2.224e-27   7.821e-28   7.643e-25   5.238e-24   3.046e-26   5.906e-24   4.127e-26   2.476e-26   8.255e-27   1.760e-27   1.257e-27   7.542e-28   9.627e-25   2.561e-28   3.292e-28   1.829e-28   1.541e-26   4.763e-24   
6.8129e+01   2.000e-05   6.952e-16   1.799e-17   4.751e-25   2.891e-25   9.447e-26   6.766e-24   6.052e-26   9.984e-24   9.009e-26   5.410e-26   1.801e-26   2.084e-27   2.330e-27   8.414e-28   7.654e-25   5.239e-24   3.251e-26   5.910e-24   4.407e-26   2.644e-26   8.815e-27   1.894e-27   1.353e-27   8.118e-28   9.641e-25   2.764e-28   3.553e-28   1.974e-28   1.555e-26   4.764e-24   
7.3564e+01   2.000e-05   7.958e-16   1.800e-17   5.086e-25   3.093e-25   1.012e-25   6.768e-24   6.464e-26   9.992e-24   9.632e-26   5.784e-26   1.926e-26   2.235e-27   2.443e-27   9.053e-28   7.666e-25   5.241e-24   3.472e-26   5.914e-24   4.709e-26   2.826e-26   9.419e-27   2.040e-27   1.457e-27   8.741e-28   9.656e-25   2.983e-28   3.835e-28   2.131e-28   1.569e-26   4.765e-24   
7.9433e+01   2.000e-05   9.118e-16   1.802e-17   5.447e-25   3.310e-25   1.084e-25   6.770e-24   6.909e-26   1.000e-23   1.030e-25   6.187e-26   2.061e-26   2.397e-27   2.566e-27   9.743e-28   7.679e-25   5.242e-24   3.710e-26   5.919e-24   5.036e-26   3.021e-26   1.007e-26   2.196e-27   1.569e-27   9.412e-28   9.672e-25   3.220e-28   4.140e-28   2.300e-28   1.585e-26   4.767e-24   
8.5770e+01   2.000e-05   1.046e-15   1.804e-17   5.837e-25   3.544e-25   1.162e-25   6.773e-24   7.390e-26   1.001e-23   1.103e-25   6.623e-26   2.206e-26   2.571e-27   2.699e-27   1.049e-27   7.693e-25   5.244e-24   3.967e-26   5.924e-24   5.387e-26   3.232e-26   1.077e-26   2.365e-27   1.690e-27   1.014e-27   9.690e-25   3.476e-28   4.468e-28   2.482e-28   1.601e-26   4.769e-24   
9.2612e+01   2.000e-05   1.200e-15   1.806e-17   6.258e-25   3.797e-25   1.246e-25   6.776e-24   7.908e-26   1.002e-23   1.181e-25   7.092e-26   2.362e-26   2.760e-27   2.842e-27   1.129e-27   7.708e-25   5.246e-24   4.245e-26   5.930e-24   5.767e-26   3.460e-26   1.153e-26   2.548e-27   1.820e-27   1.092e-27   9.709e-25   3.752e-28   4.823e-28   2.679e-28   1.620e-26   4.770e-24   
1.0000e+02   2.000e-05   1.379e-15   1.808e-17   6.712e-25   4.070e-25   1.337e-25   6.779e-24   8.468e-26   1.003e-23   1.266e-25   7.599e-26   2.531e-26   2.963e-27   2.997e-27   1.216e-27   7.724e-25   5.248e-24   4.544e-26   5.935e-24   6.176e-26   3.706e-26   1.235e-26   2.745e-27   1.961e-27   1.176e-27   9.730e-25   4.049e-28   5.205e-28   2.892e-28   1.639e-26   4.772e-24   
1.0798e+02   2.000e-05   1.586e-15   1.810e-17   7.202e-25   4.364e-25   1.435e-25   6.782e-24   9.071e-26   1.004e-23   1.357e-25   8.146e-26   2.713e-26   3.183e-27   3.163e-27   1.309e-27   7.742e-25   5.250e-24   4.867e-26   5.942e-24   6.618e-26   3.971e-26   1.324e-26   2.957e-27   2.112e-27   1.267e-27   9.752e-25   4.371e-28   5.618e-28   3.121e-28   1.660e-26   4.774e-24   
1.1659e+02   2.000e-05   1.825e-15   1.813e-17   7.730e-25   4.681e-25   1.540e-25   6.785e-24   9.722e-26   1.005e-23   1.455e-25   8.735e-26   2.910e-26   3.420e-27   3.343e-27   1.410e-27   7.761e-25   5.253e-24   5.215e-26   5.948e-24   7.094e-26   4.256e-26   1.419e-26   3.186e-27   2.276e-27   1.365e-27   9.776e-25   4.717e-28   6.064e-28   3.369e-28   1.683e-26   4.777e-24   
1.2589e+02   2.000e-05   2.101e-15   1.815e-17   8.300e-25   5.024e-25   1.654e-25   6.789e-24   1.042e-25   1.006e-23   1.561e-25   9.371e-26   3.122e-26   3.675e-27   3.537e-27   1.519e-27   7.781e-25   5.255e-24   5.591e-26   5.956e-24   7.607e-26   4.564e-26   1.521e-26   3.433e-27   2.452e-27   1.471e-27   9.802e-25   5.091e-28   6.545e-28   3.636e-28   1.707e-26   4.779e-24   
1.3594e+02   2.000e-05   2.422e-15   1.818e-17   8.915e-25   5.393e-25   1.777e-25   6.793e-24   1.118e-25   1.008e-23   1.675e-25   1.006e-25   3.350e-26   3.951e-27   3.746e-27   1.636e-27   7.803e-25   5.258e-24   5.996e-26   5.964e-24   8.161e-26   4.897e-26   1.632e-26   3.700e-27   2.643e-27   1.586e-27   9.829e-25   5.495e-28   7.064e-28   3.924e-28   1.734e-26   4.782e-24   
1.4678e+02   2.000e-05   2.792e-15   1.821e-17   9.578e-25   5.791e-25   1.909e-25   6.798e-24   1.200e-25   1.009e-23   1.799e-25   1.080e-25   3.597e-26   4.248e-27   3.972e-27   1.763e-27   7.827e-25   5.261e-24   6.434e-26   5.972e-24   8.758e-26   5.255e-26   1.752e-26   3.987e-27   2.848e-27   1.709e-27   9.859e-25   5.931e-28   7.624e-28   4.235e-28   1.762e-26   4.785e-24   
1.5849e+02   2.000e-05   3.222e-15   1.825e-17   1.029e-24   6.221e-25   2.052e-25   6.802e-24   1.288e-25   1.011e-23   1.931e-25   1.159e-25   3.863e-26   4.568e-27   4.215e-27   1.899e-27   7.852e-25   5.264e-24   6.905e-26   5.981e-24   9.402e-26   5.641e-26   1.880e-26   4.297e-27   3.070e-27   1.842e-27   9.892e-25   6.400e-28   8.228e-28   4.571e-28   1.793e-26   4.788e-24   
1.7113e+02   2.000e-05   3.719e-15   1.828e-17   1.106e-24   6.684e-25   2.206e-25   6.807e-24   1.383e-25   1.013e-23   2.075e-25   1.245e-25   4.149e-26   4.913e-27   4.477e-27   2.046e-27   7.880e-25   5.268e-24   7.413e-26   5.991e-24   1.010e-25   6.058e-26   2.019e-26   4.631e-27   3.308e-27   1.985e-27   9.926e-25   6.907e-28   8.879e-28   4.933e-28   1.826e-26   4.791e-24   
1.8478e+02   2.000e-05   4.296e-15   1.832e-17   1.189e-24   7.183e-25   2.372e-25   6.813e-24   1.485e-25   1.015e-23   2.229e-25   1.338e-25   4.458e-26   5.286e-27   4.760e-27   2.205e-27   7.909e-25   5.271e-24   7.961e-26   6.002e-24   1.084e-25   6.506e-26   2.169e-26   4.992e-27   3.566e-27   2.139e-27   9.964e-25   7.454e-28   9.582e-28   5.323e-28   1.862e-26   4.794e-24   
1.9953e+02   2.000e-05   4.964e-15   1.836e-17   1.279e-24   7.721e-25   2.552e-25   6.819e-24   1.596e-25   1.017e-23   2.395e-25   1.438e-25   4.791e-26   5.687e-27   5.064e-27   2.376e-27   7.941e-25   5.276e-24   8.552e-26   6.013e-24   1.165e-25   6.990e-26   2.330e-26   5.380e-27   3.843e-27   2.306e-27   1.000e-24   8.043e-28   1.034e-27   5.744e-28   1.900e-26   4.798e-24   
2.1544e+02   2.000e-05   5.739e-15   1.841e-17   1.376e-24   8.301e-25   2.745e-25   6.825e-24   1.715e-25   1.019e-23   2.575e-25   1.545e-25   5.149e-26   6.120e-27   5.393e-27   2.560e-27   7.976e-25   5.280e-24   9.188e-26   6.025e-24   1.252e-25   7.511e-26   2.504e-26   5.798e-27   4.142e-27   2.485e-27   1.005e-24   8.679e-28   1.116e-27   6.198e-28   1.942e-26   4.802e-24   
2.3263e+02   2.000e-05   6.637e-15   1.846e-17   1.480e-24   8.927e-25   2.953e-25   6.832e-24   1.843e-25   1.021e-23   2.768e-25   1.661e-25   5.535e-26   6.586e-27   5.746e-27   2.758e-27   8.013e-25   5.285e-24   9.874e-26   6.039e-24   1.345e-25   8.073e-26   2.691e-26   6.250e-27   4.464e-27   2.678e-27   1.009e-24   9.365e-28   1.204e-27   6.688e-28   1.987e-26   4.807e-24   
2.5119e+02   2.000e-05   7.679e-15   1.851e-17   1.592e-24   9.600e-25   3.177e-25   6.839e-24   1.981e-25   1.024e-23   2.976e-25   1.786e-25   5.952e-26   7.088e-27   6.128e-27   2.972e-27   8.053e-25   5.290e-24   1.061e-25   6.053e-24   1.446e-25   8.677e-26   2.892e-26   6.736e-27   4.812e-27   2.887e-27   1.014e-24   1.010e-27   1.299e-27   7.216e-28   2.035e-26   4.812e-24   
2.7123e+02   2.000e-05   8.887e-15   1.856e-17   1.713e-24   1.033e-24   3.418e-25   6.847e-24   2.130e-25   1.026e-23   3.200e-25   1.921e-25   6.400e-26   7.629e-27   6.538e-27   3.202e-27   8.096e-25   5.295e-24   1.141e-25   6.068e-24   1.555e-25   9.328e-26   3.109e-26   7.259e-27   5.186e-27   3.111e-27   1.020e-24   1.090e-27   1.401e-27   7.785e-28   2.087e-26   4.817e-24   
2.9286e+02   2.000e-05   1.029e-14   1.862e-17   1.843e-24   1.111e-24   3.678e-25   6.855e-24   2.291e-25   1.029e-23   3.441e-25   2.065e-25   6.882e-26   8.212e-27   6.981e-27   3.451e-27   8.142e-25   5.301e-24   1.227e-25   6.085e-24   1.672e-25   1.003e-25   3.343e-26   7.823e-27   5.588e-27   3.353e-27   1.026e-24   1.176e-27   1.512e-27   8.399e-28   2.143e-26   4.822e-24   
3.1623e+02   2.000e-05   1.191e-14   1.869e-17   1.983e-24   1.195e-24   3.958e-25   6.864e-24   2.463e-25   1.032e-23   3.701e-25   2.221e-25   7.402e-26   8.840e-27   7.457e-27   3.718e-27   8.191e-25   5.307e-24   1.319e-25   6.103e-24   1.797e-25   1.078e-25   3.595e-26   8.430e-27   6.022e-27   3.613e-27   1.032e-24   1.269e-27   1.631e-27   9.060e-28   2.203e-26   4.828e-24   
3.4145e+02   2.000e-05   1.380e-14   1.876e-17   2.134e-24   1.286e-24   4.260e-25   6.874e-24   2.649e-25   1.036e-23   3.981e-25   2.389e-25   7.961e-26   9.515e-27   7.970e-27   4.005e-27   8.245e-25   5.314e-24   1.418e-25   6.122e-24   1.933e-25   1.160e-25   3.865e-26   9.084e-27   6.489e-27   3.893e-27   1.039e-24   1.368e-27   1.759e-27   9.773e-28   2.268e-26   4.835e-24   
3.6869e+02   2.000e-05   1.598e-14   1.884e-17   2.296e-24   1.383e-24   4.584e-25   6.885e-24   2.849e-25   1.039e-23   4.282e-25   2.569e-25   8.563e-26   1.024e-26   8.521e-27   4.315e-27   8.302e-25   5.321e-24   1.525e-25   6.143e-24   2.078e-25   1.247e-25   4.156e-26   9.788e-27   6.992e-27   4.195e-27   1.046e-24   1.476e-27   1.897e-27   1.054e-27   2.338e-26   4.841e-24   
3.9811e+02   2.000e-05   1.851e-14   1.892e-17   2.471e-24   1.488e-24   4.934e-25   6.896e-24   3.065e-25   1.043e-23   4.605e-25   2.764e-25   9.210e-26   1.102e-26   9.115e-27   4.648e-27   8.364e-25   5.329e-24   1.640e-25   6.165e-24   2.235e-25   1.341e-25   4.470e-26   1.054e-26   7.533e-27   4.519e-27   1.054e-24   1.592e-27   2.046e-27   1.137e-27   2.413e-26   4.849e-24   
4.2987e+02   2.000e-05   2.145e-14   1.900e-17   2.659e-24   1.601e-24   5.309e-25   6.908e-24   3.297e-25   1.048e-23   4.953e-25   2.972e-25   9.905e-26   1.187e-26   9.754e-27   5.006e-27   8.430e-25   5.337e-24   1.764e-25   6.189e-24   2.403e-25   1.442e-25   4.806e-26   1.136e-26   8.115e-27   4.868e-27   1.062e-24   1.716e-27   2.206e-27   1.226e-27   2.493e-26   4.857e-24   
4.6416e+02   2.000e-05   2.485e-14   1.910e-17   2.861e-24   1.723e-24   5.713e-25   6.921e-24   3.546e-25   1.052e-23   5.327e-25   3.197e-25   1.065e-25   1.277e-26   1.044e-26   5.392e-27   8.502e-25   5.346e-24   1.897e-25   6.214e-24   2.584e-25   1.550e-25   5.168e-26   1.224e-26   8.740e-27   5.244e-27   1.071e-24   1.851e-27   2.379e-27   1.322e-27   2.580e-26   4.865e-24   
5.0119e+02   2.000e-05   2.880e-14   1.920e-17   3.078e-24   1.853e-24   6.148e-25   6.935e-24   3.814e-25   1.057e-23   5.729e-25   3.438e-25   1.146e-25   1.374e-26   1.118e-26   5.806e-27   8.578e-25   5.356e-24   2.040e-25   6.242e-24   2.778e-25   1.667e-25   5.557e-26   1.318e-26   9.413e-27   5.647e-27   1.081e-24   1.995e-27   2.565e-27   1.425e-27   2.673e-26   4.874e-24   
5.4117e+02   2.000e-05   3.337e-14   1.931e-17   3.312e-24   1.993e-24   6.615e-25   6.950e-24   4.102e-25   1.062e-23   6.160e-25   3.697e-25   1.232e-25   1.479e-26   1.197e-26   6.251e-27   8.660e-25   5.366e-24   2.194e-25   6.271e-24   2.987e-25   1.792e-25   5.974e-26   1.419e-26   1.014e-26   6.081e-27   1.091e-24   2.151e-27   2.765e-27   1.536e-27   2.774e-26   4.884e-24   
5.8434e+02   2.000e-05   3.867e-14   1.942e-17   3.563e-24   2.144e-24   7.116e-25   6.966e-24   4.412e-25   1.068e-23   6.623e-25   3.974e-25   1.325e-25   1.591e-26   1.282e-26   6.729e-27   8.748e-25   5.378e-24   2.359e-25   6.303e-24   3.211e-25   1.926e-25   6.422e-26   1.527e-26   1.091e-26   6.546e-27   1.102e-24   2.318e-27   2.980e-27   1.655e-27   2.881e-26   4.895e-24   
6.3096e+02   2.000e-05   4.480e-14   1.955e-17   3.832e-24   2.306e-24   7.655e-25   6.983e-24   4.744e-25   1.074e-23   7.120e-25   4.273e-25   1.424e-25   1.712e-26   1.374e-26   7.242e-27   8.843e-25   5.389e-24   2.536e-25   6.337e-24   3.451e-25   2.071e-25   6.902e-26   1.644e-26   1.175e-26   7.046e-27   1.114e-24   2.498e-27   3.211e-27   1.784e-27   2.997e-26   4.906e-24   
6.8129e+02   2.000e-05   5.191e-14   1.968e-17   4.121e-24   2.480e-24   8.232e-25   7.002e-24   5.101e-25   1.080e-23   7.653e-25   4.592e-25   1.531e-25   1.841e-26   1.472e-26   7.792e-27   8.944e-25   5.402e-24   2.727e-25   6.373e-24   3.709e-25   2.225e-25   7.417e-26   1.769e-26   1.264e-26   7.583e-27   1.127e-24   2.691e-27   3.460e-27   1.922e-27   3.121e-26   4.918e-24   
7.3564e+02   2.000e-05   6.012e-14   1.982e-17   4.431e-24   2.666e-24   8.852e-25   7.022e-24   5.484e-25   1.087e-23   8.224e-25   4.935e-25   1.645e-25   1.979e-26   1.577e-26   8.383e-27   9.052e-25   5.416e-24   2.931e-25   6.412e-24   3.984e-25   2.391e-25   7.969e-26   1.904e-26   1.360e-26   8.158e-27   1.141e-24   2.899e-27   3.727e-27   2.070e-27   3.254e-26   4.931e-24   
7.9433e+02   2.000e-05   6.963e-14   1.998e-17   4.764e-24   2.866e-24   9.517e-25   7.043e-24   5.894e-25   1.095e-23   8.836e-25   5.302e-25   1.767e-25   2.128e-26   1.690e-26   9.015e-27   9.168e-25   5.430e-24   3.149e-25   6.454e-24   4.280e-25   2.568e-25   8.560e-26   2.047e-26   1.463e-26   8.775e-27   1.155e-24   3.122e-27   4.014e-27   2.230e-27   3.397e-26   4.944e-24   
8.5770e+02   2.000e-05   8.063e-14   2.014e-17   5.120e-24   3.080e-24   1.023e-24   7.065e-24   6.334e-25   1.102e-23   9.491e-25   5.695e-25   1.898e-25   2.287e-26   1.811e-26   9.693e-27   9.292e-25   5.446e-24   3.383e-25   6.498e-24   4.596e-25   2.758e-25   9.192e-26   2.202e-26   1.573e-26   9.435e-27   1.171e-24   3.362e-27   4.322e-27   2.401e-27   3.549e-26   4.959e-24   
9.2612e+02   2.000e-05   9.333e-14   2.032e-17   5.501e-24   3.309e-24   1.099e-24   7.089e-24   6.804e-25   1.111e-23   1.019e-24   6.115e-25   2.038e-25   2.457e-26   1.940e-26   1.042e-26   9.424e-25   5.463e-24   3.634e-25   6.546e-24   4.934e-25   2.960e-25   9.868e-26   2.366e-26   1.690e-26   1.014e-26   1.188e-24   3.619e-27   4.652e-27   2.584e-27   3.713e-26   4.975e-24   
1.0000e+03   2.000e-05   1.080e-13   2.051e-17   5.909e-24   3.554e-24   1.181e-24   7.115e-24   7.308e-25   1.120e-23   1.094e-24   6.564e-25   2.188e-25   2.639e-26   2.078e-26   1.119e-26   9.565e-25   5.480e-24   3.902e-25   6.597e-24   5.295e-25   3.177e-25   1.059e-25   2.543e-26   1.816e-26   1.090e-26   1.206e-24   3.894e-27   5.006e-27   2.781e-27   3.888e-26   4.991e-24   
1.0798e+03   2.000e-05   1.249e-13   2.071e-17   6.345e-24   3.816e-24   1.268e-24   7.142e-24   7.846e-25   1.130e-23   1.174e-24   7.043e-25   2.348e-25   2.834e-26   2.225e-26   1.202e-26   9.715e-25   5.499e-24   4.188e-25   6.651e-24   5.680e-25   3.408e-25   1.136e-25   2.731e-26   1.951e-26   1.171e-26   1.225e-24   4.189e-27   5.385e-27   2.992e-27   4.074e-26   5.009e-24   
1.1659e+03   2.000e-05   1.445e-13   2.092e-17   6.810e-24   4.095e-24   1.361e-24   7.171e-24   8.421e-25   1.140e-23   1.259e-24   7.554e-25   2.518e-25   3.042e-26   2.383e-26   1.291e-26   9.876e-25   5.519e-24   4.493e-25   6.709e-24   6.090e-25   3.654e-25   1.218e-25   2.932e-26   2.095e-26   1.257e-26   1.245e-24   4.505e-27   5.791e-27   3.217e-27   4.274e-26   5.028e-24   
1.2589e+03   2.000e-05   1.670e-13   2.115e-17   7.306e-24   4.393e-24   1.460e-24   7.202e-24   9.035e-25   1.151e-23   1.350e-24   8.099e-25   2.699e-25   3.263e-26   2.551e-26   1.385e-26   1.005e-24   5.540e-24   4.819e-25   6.770e-24   6.528e-25   3.917e-25   1.306e-25   3.147e-26   2.248e-26   1.349e-26   1.266e-24   4.843e-27   6.225e-27   3.458e-27   4.486e-26   5.048e-24   
1.3594e+03   2.000e-05   1.929e-13   2.139e-17   7.835e-24   4.711e-24   1.566e-24   7.235e-24   9.688e-25   1.162e-23   1.446e-24   8.678e-25   2.892e-25   3.499e-26   2.730e-26   1.485e-26   1.023e-24   5.563e-24   5.166e-25   6.836e-24   6.992e-25   4.195e-25   1.398e-25   3.375e-26   2.411e-26   1.447e-26   1.289e-24   5.204e-27   6.689e-27   3.716e-27   4.712e-26   5.069e-24   
1.4678e+03   2.000e-05   2.227e-13   2.165e-17   8.398e-24   5.049e-24   1.678e-24   7.270e-24   1.038e-24   1.175e-23   1.549e-24   9.293e-25   3.097e-25   3.749e-26   2.920e-26   1.592e-26   1.042e-24   5.587e-24   5.534e-25   6.905e-24   7.486e-25   4.492e-25   1.497e-25   3.618e-26   2.585e-26   1.551e-26   1.313e-24   5.589e-27   7.184e-27   3.991e-27   4.953e-26   5.092e-24   
1.5849e+03   2.000e-05   2.569e-13   2.192e-17   8.995e-24   5.408e-24   1.798e-24   7.307e-24   1.112e-24   1.188e-23   1.658e-24   9.946e-25   3.315e-25   4.015e-26   3.122e-26   1.705e-26   1.062e-24   5.613e-24   5.926e-25   6.979e-24   8.009e-25   4.806e-25   1.602e-25   3.876e-26   2.769e-26   1.661e-26   1.339e-24   5.999e-27   7.712e-27   4.284e-27   5.209e-26   5.116e-24   
1.7113e+03   2.000e-05   2.963e-13   2.221e-17   9.630e-24   5.789e-24   1.924e-24   7.346e-24   1.191e-24   1.202e-23   1.773e-24   1.064e-24   3.546e-25   4.298e-26   3.336e-26   1.825e-26   1.084e-24   5.639e-24   6.341e-25   7.057e-24   8.564e-25   5.138e-25   1.713e-25   4.150e-26   2.964e-26   1.778e-26   1.366e-24   6.436e-27   8.274e-27   4.596e-27   5.480e-26   5.141e-24   
1.8478e+03   2.000e-05   3.413e-13   2.252e-17   1.030e-23   6.193e-24   2.059e-24   7.387e-24   1.274e-24   1.216e-23   1.895e-24   1.137e-24   3.789e-25   4.597e-26   3.563e-26   1.953e-26   1.107e-24   5.668e-24   6.781e-25   7.139e-24   9.149e-25   5.490e-25   1.830e-25   4.439e-26   3.171e-26   1.903e-26   1.395e-24   6.901e-27   8.871e-27   4.928e-27   5.768e-26   5.168e-24   
1.9953e+03   2.000e-05   3.929e-13   2.285e-17   1.101e-23   6.620e-24   2.201e-24   7.430e-24   1.362e-24   1.232e-23   2.023e-24   1.214e-24   4.047e-25   4.912e-26   3.802e-26   2.087e-26   1.131e-24   5.698e-24   7.246e-25   7.226e-24   9.767e-25   5.860e-25   1.953e-25   4.746e-26   3.390e-26   2.034e-26   1.425e-24   7.393e-27   9.504e-27   5.280e-27   6.071e-26   5.196e-24   
2.1544e+03   2.000e-05   4.518e-13   2.319e-17   1.176e-23   7.071e-24   2.351e-24   7.476e-24   1.455e-24   1.248e-23   2.159e-24   1.295e-24   4.318e-25   5.245e-26   4.055e-26   2.229e-26   1.156e-24   5.729e-24   7.736e-25   7.317e-24   1.042e-24   6.250e-25   2.083e-25   5.068e-26   3.621e-26   2.172e-26   1.457e-24   7.915e-27   1.018e-26   5.653e-27   6.392e-26   5.226e-24   
2.3263e+03   2.000e-05   5.191e-13   2.355e-17   1.255e-23   7.545e-24   2.508e-24   7.524e-24   1.552e-24   1.265e-23   2.301e-24   1.381e-24   4.602e-25   5.595e-26   4.321e-26   2.378e-26   1.182e-24   5.762e-24   8.251e-25   7.414e-24   1.110e-24   6.660e-25   2.220e-25   5.408e-26   3.863e-26   2.318e-26   1.490e-24   8.467e-27   1.088e-26   6.047e-27   6.729e-26   5.257e-24   
2.5119e+03   2.000e-05   5.957e-13   2.393e-17   1.338e-23   8.043e-24   2.674e-24   7.574e-24   1.655e-24   1.283e-23   2.450e-24   1.470e-24   4.901e-25   5.963e-26   4.599e-26   2.535e-26   1.210e-24   5.797e-24   8.792e-25   7.515e-24   1.181e-24   7.089e-25   2.363e-25   5.764e-26   4.118e-26   2.470e-26   1.525e-24   9.049e-27   1.163e-26   6.462e-27   7.083e-26   5.289e-24   
2.7123e+03   2.000e-05   6.827e-13   2.433e-17   1.425e-23   8.565e-24   2.848e-24   7.626e-24   1.763e-24   1.302e-23   2.606e-24   1.564e-24   5.213e-25   6.348e-26   4.891e-26   2.698e-26   1.239e-24   5.833e-24   9.359e-25   7.620e-24   1.256e-24   7.537e-25   2.512e-25   6.138e-26   4.384e-26   2.630e-26   1.561e-24   9.661e-27   1.242e-26   6.900e-27   7.454e-26   5.323e-24   
2.9286e+03   2.000e-05   7.815e-13   2.475e-17   1.516e-23   9.111e-24   3.029e-24   7.681e-24   1.876e-24   1.322e-23   2.769e-24   1.661e-24   5.538e-25   6.749e-26   5.196e-26   2.869e-26   1.269e-24   5.871e-24   9.950e-25   7.731e-24   1.334e-24   8.004e-25   2.668e-25   6.527e-26   4.663e-26   2.797e-26   1.599e-24   1.030e-26   1.324e-26   7.358e-27   7.841e-26   5.359e-24   
3.1623e+03   2.000e-05   8.932e-13   2.518e-17   1.610e-23   9.679e-24   3.218e-24   7.738e-24   1.993e-24   1.342e-23   2.938e-24   1.763e-24   5.876e-25   7.167e-26   5.513e-26   3.047e-26   1.301e-24   5.910e-24   1.057e-24   7.846e-24   1.415e-24   8.488e-25   2.829e-25   6.932e-26   4.952e-26   2.971e-26   1.639e-24   1.098e-26   1.411e-26   7.838e-27   8.244e-26   5.396e-24   
3.4145e+03   2.000e-05   1.019e-12   2.563e-17   1.709e-23   1.027e-23   3.415e-24   7.797e-24   2.115e-24   1.364e-23   3.113e-24   1.868e-24   6.225e-25   7.600e-26   5.841e-26   3.232e-26   1.333e-24   5.951e-24   1.120e-24   7.965e-24   1.498e-24   8.989e-25   2.996e-25   7.352e-26   5.252e-26   3.151e-26   1.679e-24   1.168e-26   1.501e-26   8.338e-27   8.663e-26   5.434e-24   
