!Energy losses of electrons, parameter < 0 if electrons lose energy, integrated up to a given time [eV cm-3],
!tot_int - total integrated losses, 
!mt_int - momentum transfer, 
!rot_int - H2 rotational excitation,
!vibr_int - H2 ro-vibrational excitation (within the ground electronic state, including pure rotational transitions),
!elec_s_int - H2 electronic states excitation (singlet),
!elec_t_int - H2 electronic states excitation (triplet),
!ion_int - molecule/atom ionization,
!couli_int - Coulomb loses on ions,
!coule_int - Coulomb loses on electrons, |energy loss| + |energy gain|,
!hei_int - HeI excitation by electron impact
!distance from the GRB source to cloud layer centre [pc], H column density from the cloud boundary to layer centre [cm-2], H nuclei concentration [cm-3], nb of times,
! 1.006521e+02   2.012500e+22   1.000000e+04   79     
!time(s)     tot_int    mt_int     rot_int    vibr_int   elec_s_int elec_t_int ion_int    couli_int  coule_int  hei_int    
0.000e+00    0.00e+00   0.00e+00   0.00e+00   0.00e+00   0.00e+00   0.00e+00   0.00e+00   0.00e+00   0.00e+00   0.00e+00   
1.000e+02    -6.49e-01  -1.63e-04  -2.63e-06  -9.73e-06  -2.17e-01  -5.54e-05  -4.03e-01  0.00e+00   -1.23e-05  -2.86e-02  
1.080e+02    -7.00e-01  -1.77e-04  -3.07e-06  -1.13e-05  -2.35e-01  -6.45e-05  -4.35e-01  0.00e+00   -1.34e-05  -3.08e-02  
1.166e+02    -7.57e-01  -1.91e-04  -3.58e-06  -1.32e-05  -2.53e-01  -7.50e-05  -4.69e-01  0.00e+00   -1.46e-05  -3.33e-02  
1.259e+02    -8.17e-01  -2.07e-04  -4.17e-06  -1.54e-05  -2.74e-01  -8.73e-05  -5.07e-01  0.00e+00   -1.60e-05  -3.60e-02  
1.359e+02    -8.82e-01  -2.23e-04  -4.87e-06  -1.80e-05  -2.96e-01  -1.02e-04  -5.48e-01  0.00e+00   -1.74e-05  -3.88e-02  
1.468e+02    -9.53e-01  -2.42e-04  -5.67e-06  -2.10e-05  -3.19e-01  -1.18e-04  -5.91e-01  0.00e+00   -1.91e-05  -4.20e-02  
1.585e+02    -1.03e+00  -2.62e-04  -6.62e-06  -2.45e-05  -3.45e-01  -1.38e-04  -6.39e-01  0.00e+00   -2.09e-05  -4.53e-02  
1.711e+02    -1.11e+00  -2.83e-04  -7.72e-06  -2.85e-05  -3.73e-01  -1.60e-04  -6.90e-01  0.00e+00   -2.29e-05  -4.89e-02  
1.848e+02    -1.20e+00  -3.06e-04  -9.00e-06  -3.33e-05  -4.02e-01  -1.87e-04  -7.45e-01  0.00e+00   -2.51e-05  -5.28e-02  
1.995e+02    -1.30e+00  -3.31e-04  -1.05e-05  -3.88e-05  -4.35e-01  -2.17e-04  -8.05e-01  0.00e+00   -2.75e-05  -5.71e-02  
2.154e+02    -1.40e+00  -3.59e-04  -1.22e-05  -4.53e-05  -4.70e-01  -2.53e-04  -8.69e-01  0.00e+00   -3.02e-05  -6.16e-02  
2.326e+02    -1.51e+00  -3.89e-04  -1.43e-05  -5.28e-05  -5.07e-01  -2.95e-04  -9.39e-01  0.00e+00   -3.32e-05  -6.66e-02  
2.512e+02    -1.64e+00  -4.21e-04  -1.67e-05  -6.16e-05  -5.48e-01  -3.44e-04  -1.01e+00  0.00e+00   -3.66e-05  -7.19e-02  
2.712e+02    -1.77e+00  -4.56e-04  -1.94e-05  -7.19e-05  -5.92e-01  -4.01e-04  -1.10e+00  0.00e+00   -4.03e-05  -7.77e-02  
2.929e+02    -1.91e+00  -4.94e-04  -2.27e-05  -8.39e-05  -6.40e-01  -4.67e-04  -1.18e+00  0.00e+00   -4.45e-05  -8.39e-02  
3.162e+02    -2.06e+00  -5.35e-04  -2.65e-05  -9.79e-05  -6.91e-01  -5.44e-04  -1.28e+00  0.00e+00   -4.91e-05  -9.06e-02  
3.415e+02    -2.23e+00  -5.81e-04  -3.09e-05  -1.14e-04  -7.47e-01  -6.34e-04  -1.38e+00  0.00e+00   -5.44e-05  -9.79e-02  
3.687e+02    -2.41e+00  -6.30e-04  -3.60e-05  -1.33e-04  -8.07e-01  -7.39e-04  -1.49e+00  0.00e+00   -6.02e-05  -1.06e-01  
3.981e+02    -2.60e+00  -6.83e-04  -4.20e-05  -1.55e-04  -8.72e-01  -8.61e-04  -1.61e+00  0.00e+00   -6.68e-05  -1.14e-01  
4.299e+02    -2.81e+00  -7.41e-04  -4.91e-05  -1.81e-04  -9.42e-01  -1.00e-03  -1.74e+00  0.00e+00   -7.42e-05  -1.23e-01  
4.642e+02    -3.04e+00  -8.05e-04  -5.73e-05  -2.12e-04  -1.02e+00  -1.17e-03  -1.88e+00  0.00e+00   -8.25e-05  -1.33e-01  
5.012e+02    -3.28e+00  -8.74e-04  -6.68e-05  -2.47e-04  -1.10e+00  -1.37e-03  -2.04e+00  0.00e+00   -9.19e-05  -1.44e-01  
5.412e+02    -3.55e+00  -9.50e-04  -7.80e-05  -2.88e-04  -1.19e+00  -1.59e-03  -2.20e+00  0.00e+00   -1.03e-04  -1.56e-01  
5.843e+02    -3.84e+00  -1.03e-03  -9.11e-05  -3.37e-04  -1.29e+00  -1.86e-03  -2.38e+00  0.00e+00   -1.15e-04  -1.68e-01  
6.310e+02    -4.15e+00  -1.12e-03  -1.06e-04  -3.93e-04  -1.39e+00  -2.17e-03  -2.57e+00  0.00e+00   -1.28e-04  -1.82e-01  
6.813e+02    -4.48e+00  -1.22e-03  -1.24e-04  -4.59e-04  -1.50e+00  -2.53e-03  -2.78e+00  0.00e+00   -1.44e-04  -1.96e-01  
7.356e+02    -4.85e+00  -1.33e-03  -1.45e-04  -5.36e-04  -1.63e+00  -2.95e-03  -3.00e+00  0.00e+00   -1.61e-04  -2.12e-01  
7.943e+02    -5.24e+00  -1.45e-03  -1.69e-04  -6.26e-04  -1.76e+00  -3.44e-03  -3.25e+00  0.00e+00   -1.81e-04  -2.29e-01  
8.577e+02    -5.67e+00  -1.58e-03  -1.98e-04  -7.31e-04  -1.90e+00  -4.01e-03  -3.51e+00  0.00e+00   -2.04e-04  -2.48e-01  
9.261e+02    -6.13e+00  -1.72e-03  -2.31e-04  -8.54e-04  -2.06e+00  -4.68e-03  -3.80e+00  0.00e+00   -2.30e-04  -2.68e-01  
1.000e+03    -6.63e+00  -1.88e-03  -2.70e-04  -9.98e-04  -2.23e+00  -5.46e-03  -4.11e+00  0.00e+00   -2.60e-04  -2.89e-01  
1.080e+03    -7.17e+00  -2.06e-03  -3.15e-04  -1.17e-03  -2.41e+00  -6.37e-03  -4.44e+00  0.00e+00   -2.94e-04  -3.13e-01  
1.166e+03    -7.76e+00  -2.25e-03  -3.69e-04  -1.36e-03  -2.61e+00  -7.44e-03  -4.81e+00  0.00e+00   -3.33e-04  -3.38e-01  
1.259e+03    -8.40e+00  -2.46e-03  -4.31e-04  -1.59e-03  -2.82e+00  -8.68e-03  -5.20e+00  0.00e+00   -3.78e-04  -3.65e-01  
1.359e+03    -9.09e+00  -2.70e-03  -5.04e-04  -1.86e-03  -3.05e+00  -1.01e-02  -5.63e+00  0.00e+00   -4.30e-04  -3.95e-01  
1.468e+03    -9.84e+00  -2.96e-03  -5.89e-04  -2.18e-03  -3.31e+00  -1.18e-02  -6.09e+00  0.00e+00   -4.89e-04  -4.27e-01  
1.585e+03    -1.07e+01  -3.24e-03  -6.89e-04  -2.55e-03  -3.58e+00  -1.38e-02  -6.59e+00  0.00e+00   -5.57e-04  -4.62e-01  
1.711e+03    -1.15e+01  -3.56e-03  -8.06e-04  -2.98e-03  -3.88e+00  -1.61e-02  -7.13e+00  0.00e+00   -6.36e-04  -4.99e-01  
1.848e+03    -1.25e+01  -3.92e-03  -9.43e-04  -3.48e-03  -4.20e+00  -1.89e-02  -7.72e+00  0.00e+00   -7.27e-04  -5.40e-01  
1.995e+03    -1.35e+01  -4.32e-03  -1.10e-03  -4.08e-03  -4.55e+00  -2.20e-02  -8.37e+00  0.00e+00   -8.32e-04  -5.84e-01  
2.154e+03    -1.47e+01  -4.76e-03  -1.29e-03  -4.78e-03  -4.93e+00  -2.57e-02  -9.06e+00  0.00e+00   -9.54e-04  -6.32e-01  
2.326e+03    -1.59e+01  -5.25e-03  -1.51e-03  -5.59e-03  -5.35e+00  -3.01e-02  -9.82e+00  0.00e+00   -1.10e-03  -6.84e-01  
2.512e+03    -1.72e+01  -5.81e-03  -1.77e-03  -6.55e-03  -5.80e+00  -3.51e-02  -1.06e+01  0.00e+00   -1.26e-03  -7.40e-01  
2.712e+03    -1.87e+01  -6.43e-03  -2.08e-03  -7.68e-03  -6.29e+00  -4.11e-02  -1.15e+01  0.00e+00   -1.45e-03  -8.01e-01  
2.929e+03    -2.03e+01  -7.12e-03  -2.44e-03  -9.00e-03  -6.83e+00  -4.80e-02  -1.25e+01  0.00e+00   -1.67e-03  -8.67e-01  
3.162e+03    -2.20e+01  -7.91e-03  -2.86e-03  -1.06e-02  -7.41e+00  -5.61e-02  -1.36e+01  0.00e+00   -1.93e-03  -9.39e-01  
3.415e+03    -2.39e+01  -8.79e-03  -3.35e-03  -1.24e-02  -8.05e+00  -6.56e-02  -1.47e+01  0.00e+00   -2.23e-03  -1.02e+00  
3.687e+03    -2.59e+01  -9.79e-03  -3.94e-03  -1.45e-02  -8.74e+00  -7.68e-02  -1.60e+01  0.00e+00   -2.57e-03  -1.10e+00  
3.981e+03    -2.81e+01  -1.09e-02  -4.62e-03  -1.71e-02  -9.50e+00  -8.98e-02  -1.73e+01  0.00e+00   -2.98e-03  -1.19e+00  
4.299e+03    -3.06e+01  -1.22e-02  -5.43e-03  -2.00e-02  -1.03e+01  -1.05e-01  -1.88e+01  0.00e+00   -3.45e-03  -1.29e+00  
4.642e+03    -3.32e+01  -1.36e-02  -6.39e-03  -2.36e-02  -1.12e+01  -1.23e-01  -2.04e+01  0.00e+00   -4.01e-03  -1.40e+00  
5.012e+03    -3.61e+01  -1.53e-02  -7.51e-03  -2.77e-02  -1.22e+01  -1.44e-01  -2.22e+01  0.00e+00   -4.66e-03  -1.52e+00  
5.412e+03    -3.93e+01  -1.72e-02  -8.84e-03  -3.26e-02  -1.33e+01  -1.68e-01  -2.41e+01  0.00e+00   -5.42e-03  -1.64e+00  
5.843e+03    -4.27e+01  -1.93e-02  -1.04e-02  -3.84e-02  -1.45e+01  -1.97e-01  -2.62e+01  0.00e+00   -6.31e-03  -1.78e+00  
6.310e+03    -4.65e+01  -2.17e-02  -1.23e-02  -4.52e-02  -1.58e+01  -2.30e-01  -2.85e+01  0.00e+00   -7.35e-03  -1.93e+00  
6.813e+03    -5.06e+01  -2.45e-02  -1.44e-02  -5.32e-02  -1.72e+01  -2.70e-01  -3.10e+01  0.00e+00   -8.57e-03  -2.10e+00  
7.356e+03    -5.51e+01  -2.77e-02  -1.70e-02  -6.28e-02  -1.87e+01  -3.16e-01  -3.37e+01  0.00e+00   -1.00e-02  -2.27e+00  
7.943e+03    -6.01e+01  -3.14e-02  -2.01e-02  -7.40e-02  -2.04e+01  -3.70e-01  -3.67e+01  0.00e+00   -1.17e-02  -2.47e+00  
8.577e+03    -6.55e+01  -3.56e-02  -2.37e-02  -8.74e-02  -2.22e+01  -4.32e-01  -4.00e+01  0.00e+00   -1.37e-02  -2.68e+00  
9.261e+03    -7.14e+01  -4.04e-02  -2.80e-02  -1.03e-01  -2.43e+01  -5.06e-01  -4.36e+01  0.00e+00   -1.60e-02  -2.91e+00  
1.000e+04    -7.79e+01  -4.60e-02  -3.31e-02  -1.22e-01  -2.65e+01  -5.92e-01  -4.75e+01  0.00e+00   -1.88e-02  -3.16e+00  
1.080e+04    -8.50e+01  -5.24e-02  -3.92e-02  -1.44e-01  -2.89e+01  -6.93e-01  -5.17e+01  0.00e+00   -2.20e-02  -3.43e+00  
1.166e+04    -9.28e+01  -5.98e-02  -4.64e-02  -1.71e-01  -3.16e+01  -8.10e-01  -5.64e+01  0.00e+00   -2.58e-02  -3.72e+00  
1.259e+04    -1.01e+02  -6.84e-02  -5.50e-02  -2.02e-01  -3.45e+01  -9.47e-01  -6.15e+01  0.00e+00   -3.04e-02  -4.04e+00  
1.359e+04    -1.11e+02  -7.83e-02  -6.51e-02  -2.40e-01  -3.77e+01  -1.11e+00  -6.71e+01  0.00e+00   -3.57e-02  -4.39e+00  
1.468e+04    -1.21e+02  -8.98e-02  -7.72e-02  -2.84e-01  -4.13e+01  -1.29e+00  -7.32e+01  0.00e+00   -4.20e-02  -4.76e+00  
1.585e+04    -1.32e+02  -1.03e-01  -9.16e-02  -3.37e-01  -4.51e+01  -1.51e+00  -7.98e+01  0.00e+00   -4.94e-02  -5.17e+00  
1.711e+04    -1.44e+02  -1.18e-01  -1.09e-01  -4.00e-01  -4.93e+01  -1.76e+00  -8.71e+01  0.00e+00   -5.82e-02  -5.62e+00  
1.848e+04    -1.58e+02  -1.36e-01  -1.29e-01  -4.75e-01  -5.40e+01  -2.05e+00  -9.51e+01  0.00e+00   -6.86e-02  -6.10e+00  
1.995e+04    -1.73e+02  -1.57e-01  -1.53e-01  -5.64e-01  -5.90e+01  -2.39e+00  -1.04e+02  0.00e+00   -8.09e-02  -6.62e+00  
2.154e+04    -1.89e+02  -1.81e-01  -1.82e-01  -6.70e-01  -6.46e+01  -2.78e+00  -1.13e+02  0.00e+00   -9.54e-02  -7.19e+00  
2.326e+04    -2.06e+02  -2.09e-01  -2.17e-01  -7.96e-01  -7.07e+01  -3.23e+00  -1.24e+02  0.00e+00   -1.13e-01  -7.80e+00  
2.512e+04    -2.26e+02  -2.42e-01  -2.58e-01  -9.46e-01  -7.73e+01  -3.74e+00  -1.35e+02  0.00e+00   -1.33e-01  -8.47e+00  
2.712e+04    -2.47e+02  -2.80e-01  -3.06e-01  -1.13e+00  -8.46e+01  -4.34e+00  -1.47e+02  0.00e+00   -1.57e-01  -9.18e+00  
2.929e+04    -2.70e+02  -3.24e-01  -3.64e-01  -1.34e+00  -9.26e+01  -5.02e+00  -1.61e+02  0.00e+00   -1.86e-01  -9.96e+00  
3.162e+04    -2.96e+02  -3.75e-01  -4.33e-01  -1.59e+00  -1.01e+02  -5.80e+00  -1.75e+02  0.00e+00   -2.19e-01  -1.08e+01  
3.415e+04    -3.23e+02  -4.35e-01  -5.15e-01  -1.89e+00  -1.11e+02  -6.69e+00  -1.91e+02  0.00e+00   -2.59e-01  -1.17e+01  
3.687e+04    -3.53e+02  -5.04e-01  -6.13e-01  -2.25e+00  -1.21e+02  -7.71e+00  -2.09e+02  0.00e+00   -3.07e-01  -1.27e+01  
