!Kinetic energy of electrons,
!first row: distance from the GRB source to cloud layer centre [pc], H column density from the cloud boundary to layer centre [cm-2], H nuclei concentration [cm-3], nb of rows (= nb of times),
!data: time (s), conc of electrons (from spectrum) [cm-3], total energy [eV cm-3], median energy [eV],
! 0.000000e+00   0.000000e+00   2.000000e+04   212    
0.0000e+00   1.0000e-01   1.0116e+02   1.0116e+03   
1.0000e+01   1.0044e-01   1.0115e+02   1.0071e+03   
1.0798e+01   1.0048e-01   1.0115e+02   1.0067e+03   
1.1659e+01   1.0051e-01   1.0115e+02   1.0063e+03   
1.2589e+01   1.0055e-01   1.0115e+02   1.0059e+03   
1.3594e+01   1.0060e-01   1.0115e+02   1.0055e+03   
1.4678e+01   1.0065e-01   1.0115e+02   1.0050e+03   
1.5849e+01   1.0070e-01   1.0115e+02   1.0045e+03   
1.7113e+01   1.0075e-01   1.0115e+02   1.0039e+03   
1.8478e+01   1.0081e-01   1.0114e+02   1.0033e+03   
1.9953e+01   1.0088e-01   1.0114e+02   1.0026e+03   
2.1544e+01   1.0095e-01   1.0114e+02   1.0019e+03   
2.3263e+01   1.0103e-01   1.0114e+02   1.0011e+03   
2.5119e+01   1.0111e-01   1.0114e+02   1.0003e+03   
2.7123e+01   1.0120e-01   1.0113e+02   9.9939e+02   
2.9286e+01   1.0129e-01   1.0113e+02   9.9842e+02   
3.1623e+01   1.0139e-01   1.0113e+02   9.9738e+02   
3.4145e+01   1.0151e-01   1.0113e+02   9.9626e+02   
3.6869e+01   1.0163e-01   1.0112e+02   9.9505e+02   
3.9811e+01   1.0176e-01   1.0112e+02   9.9374e+02   
4.2987e+01   1.0190e-01   1.0112e+02   9.9234e+02   
4.6416e+01   1.0205e-01   1.0111e+02   9.9083e+02   
5.0119e+01   1.0221e-01   1.0111e+02   9.8920e+02   
5.4117e+01   1.0239e-01   1.0110e+02   9.8744e+02   
5.8434e+01   1.0258e-01   1.0110e+02   9.8556e+02   
6.3096e+01   1.0279e-01   1.0109e+02   9.8353e+02   
6.8129e+01   1.0301e-01   1.0109e+02   9.8134e+02   
7.3564e+01   1.0325e-01   1.0108e+02   9.7900e+02   
7.9433e+01   1.0351e-01   1.0108e+02   9.7647e+02   
8.5770e+01   1.0379e-01   1.0107e+02   9.7376e+02   
9.2612e+01   1.0410e-01   1.0106e+02   9.7084e+02   
1.0000e+02   1.0442e-01   1.0105e+02   9.6771e+02   
1.0798e+02   1.0478e-01   1.0104e+02   9.6435e+02   
1.1659e+02   1.0516e-01   1.0103e+02   9.6075e+02   
1.2589e+02   1.0558e-01   1.0102e+02   9.5688e+02   
1.3594e+02   1.0602e-01   1.0101e+02   9.5274e+02   
1.4678e+02   1.0651e-01   1.0100e+02   9.4830e+02   
1.5849e+02   1.0703e-01   1.0099e+02   9.4354e+02   
1.7113e+02   1.0759e-01   1.0097e+02   9.3846e+02   
1.8478e+02   1.0820e-01   1.0096e+02   9.3302e+02   
1.9953e+02   1.0886e-01   1.0094e+02   9.2721e+02   
2.1544e+02   1.0958e-01   1.0092e+02   9.2101e+02   
2.3263e+02   1.1035e-01   1.0090e+02   9.1440e+02   
2.5119e+02   1.1118e-01   1.0088e+02   9.0735e+02   
2.7123e+02   1.1208e-01   1.0086e+02   8.9984e+02   
2.9286e+02   1.1306e-01   1.0083e+02   8.9186e+02   
3.1623e+02   1.1411e-01   1.0080e+02   8.8338e+02   
3.4145e+02   1.1525e-01   1.0078e+02   8.7438e+02   
3.6869e+02   1.1649e-01   1.0074e+02   8.6484e+02   
3.9811e+02   1.1783e-01   1.0071e+02   8.5474e+02   
4.2987e+02   1.1927e-01   1.0067e+02   8.4406e+02   
4.6416e+02   1.2084e-01   1.0063e+02   8.3280e+02   
5.0119e+02   1.2253e-01   1.0059e+02   8.2092e+02   
5.4117e+02   1.2437e-01   1.0054e+02   8.0843e+02   
5.8434e+02   1.2636e-01   1.0049e+02   7.9530e+02   
6.3096e+02   1.2851e-01   1.0044e+02   7.8154e+02   
6.8129e+02   1.3085e-01   1.0038e+02   7.6715e+02   
7.3564e+02   1.3338e-01   1.0031e+02   7.5211e+02   
7.9433e+02   1.3612e-01   1.0024e+02   7.3644e+02   
8.5770e+02   1.3909e-01   1.0017e+02   7.2014e+02   
9.2612e+02   1.4232e-01   1.0008e+02   7.0323e+02   
1.0000e+03   1.4582e-01   9.9994e+01   6.8574e+02   
1.0798e+03   1.4962e-01   9.9897e+01   6.6767e+02   
1.1659e+03   1.5375e-01   9.9791e+01   6.4906e+02   
1.2589e+03   1.5823e-01   9.9676e+01   6.2996e+02   
1.3594e+03   1.6309e-01   9.9551e+01   6.1039e+02   
1.4678e+03   1.6839e-01   9.9415e+01   5.9040e+02   
1.5849e+03   1.7414e-01   9.9267e+01   5.7005e+02   
1.7113e+03   1.8039e-01   9.9105e+01   5.4938e+02   
1.8478e+03   1.8720e-01   9.8930e+01   5.2847e+02   
1.9953e+03   1.9461e-01   9.8739e+01   5.0736e+02   
2.1544e+03   2.0268e-01   9.8531e+01   4.8614e+02   
2.3263e+03   2.1147e-01   9.8304e+01   4.6486e+02   
2.5119e+03   2.2105e-01   9.8056e+01   4.4360e+02   
2.7123e+03   2.3149e-01   9.7785e+01   4.2242e+02   
2.9286e+03   2.4287e-01   9.7490e+01   4.0140e+02   
3.1623e+03   2.5530e-01   9.7168e+01   3.8061e+02   
3.4145e+03   2.6885e-01   9.6815e+01   3.6011e+02   
3.6869e+03   2.8365e-01   9.6430e+01   3.3996e+02   
3.9811e+03   2.9981e-01   9.6009e+01   3.2024e+02   
4.2987e+03   3.1745e-01   9.5548e+01   3.0098e+02   
4.6416e+03   3.3674e-01   9.5043e+01   2.8225e+02   
5.0119e+03   3.5781e-01   9.4491e+01   2.6408e+02   
5.4117e+03   3.8084e-01   9.3887e+01   2.4653e+02   
5.8434e+03   4.0601e-01   9.3224e+01   2.2961e+02   
6.3096e+03   4.3353e-01   9.2499e+01   2.1337e+02   
6.8129e+03   4.6361e-01   9.1705e+01   1.9781e+02   
7.3564e+03   4.9650e-01   9.0834e+01   1.8295e+02   
7.9433e+03   5.3246e-01   8.9880e+01   1.6880e+02   
8.5770e+03   5.7176e-01   8.8835e+01   1.5537e+02   
9.2612e+03   6.1473e-01   8.7690e+01   1.4265e+02   
1.0000e+04   6.6168e-01   8.6435e+01   1.3063e+02   
1.0798e+04   7.1300e-01   8.5061e+01   1.1930e+02   
1.1659e+04   7.6906e-01   8.3555e+01   1.0865e+02   
1.2589e+04   8.3029e-01   8.1906e+01   9.8647e+01   
1.3594e+04   8.9715e-01   8.0100e+01   8.9282e+01   
1.4678e+04   9.7014e-01   7.8123e+01   8.0527e+01   
1.5849e+04   1.0498e+00   7.5959e+01   7.2357e+01   
1.7113e+04   1.1366e+00   7.3593e+01   6.4747e+01   
1.8478e+04   1.2313e+00   7.1006e+01   5.7670e+01   
1.9953e+04   1.3342e+00   6.8182e+01   5.1102e+01   
2.1544e+04   1.4461e+00   6.5101e+01   4.5018e+01   
2.3263e+04   1.5674e+00   6.1750e+01   3.9396e+01   
2.5119e+04   1.6984e+00   5.8114e+01   3.4216e+01   
2.7123e+04   1.8392e+00   5.4189e+01   2.9464e+01   
2.9286e+04   1.9891e+00   4.9981e+01   2.5127e+01   
3.1623e+04   2.1471e+00   4.5517e+01   2.1199e+01   
3.4145e+04   2.3108e+00   4.0852e+01   1.7679e+01   
3.6869e+04   2.4763e+00   3.6081e+01   1.4570e+01   
3.9811e+04   2.6382e+00   3.1344e+01   1.1881e+01   
4.2987e+04   2.7895e+00   2.6821e+01   9.6151e+00   
4.6416e+04   2.9226e+00   2.2718e+01   7.7732e+00   
5.0119e+04   3.0311e+00   1.9218e+01   6.3404e+00   
5.4117e+04   3.1114e+00   1.6434e+01   5.2819e+00   
5.8434e+04   3.1642e+00   1.4366e+01   4.5402e+00   
6.3096e+04   3.1946e+00   1.2907e+01   4.0404e+00   
6.8129e+04   3.2095e+00   1.1883e+01   3.7023e+00   
7.3564e+04   3.2156e+00   1.1117e+01   3.4572e+00   
7.9433e+04   3.2178e+00   1.0480e+01   3.2568e+00   
8.5770e+04   3.2184e+00   9.8939e+00   3.0742e+00   
9.2612e+04   3.2185e+00   9.3234e+00   2.8968e+00   
1.0000e+05   3.2186e+00   8.7528e+00   2.7195e+00   
1.0798e+05   3.2186e+00   8.1768e+00   2.5405e+00   
1.1659e+05   3.2186e+00   7.5945e+00   2.3596e+00   
1.2589e+05   3.2186e+00   7.0082e+00   2.1774e+00   
1.3594e+05   3.2186e+00   6.4218e+00   1.9952e+00   
1.4678e+05   3.2186e+00   5.8415e+00   1.8149e+00   
1.5849e+05   3.2186e+00   5.2743e+00   1.6387e+00   
1.7113e+05   3.2186e+00   4.7285e+00   1.4691e+00   
1.8478e+05   3.2186e+00   4.2126e+00   1.3088e+00   
1.9953e+05   3.2186e+00   3.7344e+00   1.1603e+00   
2.1544e+05   3.2186e+00   3.3007e+00   1.0255e+00   
2.3263e+05   3.2186e+00   2.9158e+00   9.0593e-01   
2.5119e+05   3.2186e+00   2.5816e+00   8.0209e-01   
2.7123e+05   3.2186e+00   2.2968e+00   7.1360e-01   
2.9286e+05   3.2186e+00   2.0575e+00   6.3926e-01   
3.1623e+05   3.2186e+00   1.8580e+00   5.7728e-01   
3.4145e+05   3.2186e+00   1.6918e+00   5.2562e-01   
3.6869e+05   3.2186e+00   1.5523e+00   4.8228e-01   
3.9811e+05   3.2186e+00   1.4339e+00   4.4550e-01   
4.2987e+05   3.2186e+00   1.3320e+00   4.1384e-01   
4.6416e+05   3.2186e+00   1.2430e+00   3.8618e-01   
5.0119e+05   3.2186e+00   1.1641e+00   3.6169e-01   
5.4117e+05   3.2186e+00   1.0933e+00   3.3968e-01   
5.8434e+05   3.2186e+00   1.0287e+00   3.1963e-01   
6.3096e+05   3.2186e+00   9.6910e-01   3.0109e-01   
6.8129e+05   3.2186e+00   9.1319e-01   2.8372e-01   
7.3564e+05   3.2186e+00   8.6007e-01   2.6722e-01   
7.9433e+05   3.2186e+00   8.0904e-01   2.5136e-01   
8.5770e+05   3.2186e+00   7.5959e-01   2.3600e-01   
9.2612e+05   3.2186e+00   7.1143e-01   2.2104e-01   
1.0000e+06   3.2186e+00   6.6446e-01   2.0645e-01   
1.0798e+06   3.2186e+00   6.1871e-01   1.9223e-01   
1.1659e+06   3.2186e+00   5.7430e-01   1.7843e-01   
1.2589e+06   3.2186e+00   5.3143e-01   1.6511e-01   
1.3594e+06   3.2186e+00   4.9029e-01   1.5233e-01   
1.4678e+06   3.2186e+00   4.5110e-01   1.4015e-01   
1.5849e+06   3.2186e+00   4.1406e-01   1.2865e-01   
1.7113e+06   3.2186e+00   3.7933e-01   1.1786e-01   
1.8478e+06   3.2186e+00   3.4705e-01   1.0783e-01   
1.9953e+06   3.2186e+00   3.1730e-01   9.8585e-02   
2.1544e+06   3.2186e+00   2.9014e-01   9.0145e-02   
2.3263e+06   3.2186e+00   2.6554e-01   8.2504e-02   
2.5119e+06   3.2186e+00   2.4346e-01   7.5641e-02   
2.7123e+06   3.2186e+00   2.2376e-01   6.9521e-02   
2.9286e+06   3.2186e+00   2.0630e-01   6.4095e-02   
3.1623e+06   3.2186e+00   1.9087e-01   5.9302e-02   
3.4145e+06   3.2186e+00   1.7726e-01   5.5072e-02   
3.6869e+06   3.2186e+00   1.6523e-01   5.1336e-02   
3.9811e+06   3.2186e+00   1.5456e-01   4.8021e-02   
4.2987e+06   3.2186e+00   1.4503e-01   4.5061e-02   
4.6416e+06   3.2186e+00   1.3646e-01   4.2397e-02   
5.0119e+06   3.2186e+00   1.2867e-01   3.9977e-02   
5.4117e+06   3.2186e+00   1.2154e-01   3.7761e-02   
5.8434e+06   3.2186e+00   1.1496e-01   3.5718e-02   
6.3096e+06   3.2186e+00   1.0887e-01   3.3825e-02   
6.8129e+06   3.2186e+00   1.0321e-01   3.2067e-02   
7.3564e+06   3.2186e+00   9.7945e-02   3.0431e-02   
7.9433e+06   3.2186e+00   9.3050e-02   2.8910e-02   
8.5770e+06   3.2186e+00   8.8503e-02   2.7498e-02   
9.2612e+06   3.2186e+00   8.4286e-02   2.6187e-02   
1.0000e+07   3.2186e+00   8.0379e-02   2.4973e-02   
1.0798e+07   3.2186e+00   7.6760e-02   2.3849e-02   
1.1659e+07   3.2186e+00   7.3408e-02   2.2807e-02   
1.2589e+07   3.2186e+00   7.0298e-02   2.1841e-02   
1.3594e+07   3.2186e+00   6.7407e-02   2.0943e-02   
1.4678e+07   3.2186e+00   6.4714e-02   2.0106e-02   
1.5849e+07   3.2186e+00   6.2198e-02   1.9325e-02   
1.7113e+07   3.2186e+00   5.9845e-02   1.8594e-02   
1.8478e+07   3.2186e+00   5.7641e-02   1.7909e-02   
1.9953e+07   3.2186e+00   5.5578e-02   1.7268e-02   
2.1544e+07   3.2186e+00   5.3652e-02   1.6669e-02   
2.3263e+07   3.2186e+00   5.1861e-02   1.6113e-02   
2.5119e+07   3.2186e+00   5.0205e-02   1.5598e-02   
2.7123e+07   3.2186e+00   4.8687e-02   1.5127e-02   
2.9286e+07   3.2186e+00   4.7309e-02   1.4699e-02   
3.1623e+07   3.2186e+00   4.6072e-02   1.4314e-02   
3.4145e+07   3.2186e+00   4.4975e-02   1.3974e-02   
3.6869e+07   3.2186e+00   4.4018e-02   1.3676e-02   
3.9811e+07   3.2186e+00   4.3194e-02   1.3420e-02   
4.2987e+07   3.2186e+00   4.2497e-02   1.3204e-02   
4.6416e+07   3.2186e+00   4.1918e-02   1.3024e-02   
5.0119e+07   3.2186e+00   4.1444e-02   1.2877e-02   
5.4117e+07   3.2186e+00   4.1064e-02   1.2758e-02   
5.8434e+07   3.2186e+00   4.0764e-02   1.2665e-02   
6.3096e+07   3.2186e+00   4.0531e-02   1.2593e-02   
6.8129e+07   3.2186e+00   4.0351e-02   1.2537e-02   
7.3564e+07   3.2186e+00   4.0213e-02   1.2494e-02   
7.9433e+07   3.2186e+00   4.0107e-02   1.2461e-02   
8.5770e+07   3.2186e+00   4.0022e-02   1.2435e-02   
9.2612e+07   3.2186e+00   3.9952e-02   1.2413e-02   
1.0000e+08   3.2186e+00   3.9892e-02   1.2394e-02   
