!Dissociation / excitation rates,
!h2_exc_el- H2 electronic excitation rate, in [cm-3 s-1],
!h2_exc_v - H2 vibrational excitation rate, vi = 0 -> vf > 0 (within the ground electronic state), in [cm-3 s-1],
!h2_exc_r - H2 pure rotational excitation within v = 0, ji = 0,1 -> jf > 1, in [cm-3 s-1],
!distance from the GRB source to cloud layer centre [pc], H column density from the cloud boundary to layer centre [cm-2], H nuclei concentration [cm-3], nb of times,
! 0.000000e+00   0.000000e+00   2.000000e+04   212    
!time(s)     h2_exc_el   h2_exc_v    h2_exc_r    
0.000e+00    0.00e+00    0.00e+00    0.00e+00    
1.000e+01    3.28e-05    8.92e-09    3.06e-08    
1.080e+01    3.28e-05    9.63e-09    3.31e-08    
1.166e+01    3.28e-05    1.04e-08    3.57e-08    
1.259e+01    3.28e-05    1.12e-08    3.86e-08    
1.359e+01    3.28e-05    1.21e-08    4.16e-08    
1.468e+01    3.28e-05    1.31e-08    4.50e-08    
1.585e+01    3.28e-05    1.41e-08    4.85e-08    
1.711e+01    3.28e-05    1.53e-08    5.24e-08    
1.848e+01    3.29e-05    1.65e-08    5.66e-08    
1.995e+01    3.29e-05    1.78e-08    6.11e-08    
2.154e+01    3.29e-05    1.92e-08    6.60e-08    
2.326e+01    3.29e-05    2.08e-08    7.13e-08    
2.512e+01    3.29e-05    2.24e-08    7.70e-08    
2.712e+01    3.29e-05    2.42e-08    8.32e-08    
2.929e+01    3.29e-05    2.61e-08    8.98e-08    
3.162e+01    3.29e-05    2.82e-08    9.70e-08    
3.415e+01    3.29e-05    3.05e-08    1.05e-07    
3.687e+01    3.29e-05    3.29e-08    1.13e-07    
3.981e+01    3.29e-05    3.56e-08    1.22e-07    
4.299e+01    3.29e-05    3.84e-08    1.32e-07    
4.642e+01    3.29e-05    4.15e-08    1.43e-07    
5.012e+01    3.30e-05    4.48e-08    1.54e-07    
5.412e+01    3.30e-05    4.84e-08    1.66e-07    
5.843e+01    3.30e-05    5.23e-08    1.80e-07    
6.310e+01    3.30e-05    5.65e-08    1.94e-07    
6.813e+01    3.30e-05    6.10e-08    2.10e-07    
7.356e+01    3.30e-05    6.59e-08    2.26e-07    
7.943e+01    3.30e-05    7.12e-08    2.45e-07    
8.577e+01    3.31e-05    7.69e-08    2.64e-07    
9.261e+01    3.31e-05    8.31e-08    2.85e-07    
1.000e+02    3.31e-05    8.98e-08    3.08e-07    
1.080e+02    3.31e-05    9.70e-08    3.33e-07    
1.166e+02    3.32e-05    1.05e-07    3.60e-07    
1.259e+02    3.32e-05    1.13e-07    3.89e-07    
1.359e+02    3.32e-05    1.22e-07    4.20e-07    
1.468e+02    3.32e-05    1.32e-07    4.54e-07    
1.585e+02    3.33e-05    1.43e-07    4.91e-07    
1.711e+02    3.33e-05    1.54e-07    5.31e-07    
1.848e+02    3.34e-05    1.67e-07    5.73e-07    
1.995e+02    3.34e-05    1.80e-07    6.20e-07    
2.154e+02    3.35e-05    1.95e-07    6.70e-07    
2.326e+02    3.35e-05    2.11e-07    7.25e-07    
2.512e+02    3.36e-05    2.28e-07    7.84e-07    
2.712e+02    3.36e-05    2.47e-07    8.47e-07    
2.929e+02    3.37e-05    2.67e-07    9.16e-07    
3.162e+02    3.38e-05    2.88e-07    9.91e-07    
3.415e+02    3.38e-05    3.12e-07    1.07e-06    
3.687e+02    3.39e-05    3.38e-07    1.16e-06    
3.981e+02    3.40e-05    3.65e-07    1.26e-06    
4.299e+02    3.41e-05    3.95e-07    1.36e-06    
4.642e+02    3.42e-05    4.28e-07    1.47e-06    
5.012e+02    3.43e-05    4.63e-07    1.59e-06    
5.412e+02    3.44e-05    5.02e-07    1.72e-06    
5.843e+02    3.45e-05    5.43e-07    1.87e-06    
6.310e+02    3.47e-05    5.89e-07    2.02e-06    
6.813e+02    3.48e-05    6.38e-07    2.19e-06    
7.356e+02    3.50e-05    6.91e-07    2.38e-06    
7.943e+02    3.51e-05    7.49e-07    2.58e-06    
8.577e+02    3.53e-05    8.13e-07    2.80e-06    
9.261e+02    3.55e-05    8.82e-07    3.03e-06    
1.000e+03    3.57e-05    9.57e-07    3.29e-06    
1.080e+03    3.59e-05    1.04e-06    3.58e-06    
1.166e+03    3.61e-05    1.13e-06    3.88e-06    
1.259e+03    3.64e-05    1.23e-06    4.22e-06    
1.359e+03    3.66e-05    1.33e-06    4.59e-06    
1.468e+03    3.69e-05    1.45e-06    4.99e-06    
1.585e+03    3.72e-05    1.57e-06    5.43e-06    
1.711e+03    3.75e-05    1.71e-06    5.91e-06    
1.848e+03    3.79e-05    1.87e-06    6.43e-06    
1.995e+03    3.82e-05    2.03e-06    7.01e-06    
2.154e+03    3.86e-05    2.22e-06    7.64e-06    
2.326e+03    3.90e-05    2.42e-06    8.33e-06    
2.512e+03    3.94e-05    2.64e-06    9.10e-06    
2.712e+03    3.98e-05    2.88e-06    9.93e-06    
2.929e+03    4.03e-05    3.14e-06    1.09e-05    
3.162e+03    4.08e-05    3.44e-06    1.19e-05    
3.415e+03    4.13e-05    3.76e-06    1.30e-05    
3.687e+03    4.18e-05    4.11e-06    1.42e-05    
3.981e+03    4.23e-05    4.51e-06    1.56e-05    
4.299e+03    4.29e-05    4.94e-06    1.71e-05    
4.642e+03    4.35e-05    5.42e-06    1.87e-05    
5.012e+03    4.41e-05    5.94e-06    2.06e-05    
5.412e+03    4.47e-05    6.52e-06    2.26e-05    
5.843e+03    4.53e-05    7.17e-06    2.48e-05    
6.310e+03    4.60e-05    7.88e-06    2.73e-05    
6.813e+03    4.67e-05    8.66e-06    3.00e-05    
7.356e+03    4.73e-05    9.53e-06    3.30e-05    
7.943e+03    4.80e-05    1.05e-05    3.63e-05    
8.577e+03    4.87e-05    1.16e-05    4.00e-05    
9.261e+03    4.94e-05    1.27e-05    4.41e-05    
1.000e+04    5.00e-05    1.40e-05    4.86e-05    
1.080e+04    5.07e-05    1.55e-05    5.35e-05    
1.166e+04    5.14e-05    1.70e-05    5.90e-05    
1.259e+04    5.21e-05    1.88e-05    6.50e-05    
1.359e+04    5.27e-05    2.07e-05    7.16e-05    
1.468e+04    5.34e-05    2.28e-05    7.89e-05    
1.585e+04    5.40e-05    2.51e-05    8.69e-05    
1.711e+04    5.46e-05    2.77e-05    9.57e-05    
1.848e+04    5.52e-05    3.05e-05    1.05e-04    
1.995e+04    5.57e-05    3.36e-05    1.16e-04    
2.154e+04    5.61e-05    3.70e-05    1.27e-04    
2.326e+04    5.63e-05    4.07e-05    1.40e-04    
2.512e+04    5.64e-05    4.47e-05    1.53e-04    
2.712e+04    5.61e-05    4.91e-05    1.68e-04    
2.929e+04    5.53e-05    5.37e-05    1.84e-04    
3.162e+04    5.39e-05    5.87e-05    2.00e-04    
3.415e+04    5.15e-05    6.40e-05    2.17e-04    
3.687e+04    4.80e-05    6.94e-05    2.35e-04    
3.981e+04    4.30e-05    7.48e-05    2.53e-04    
4.299e+04    3.68e-05    8.00e-05    2.69e-04    
4.642e+04    2.94e-05    8.48e-05    2.84e-04    
5.012e+04    2.17e-05    8.88e-05    2.96e-04    
5.412e+04    1.46e-05    9.19e-05    3.04e-04    
5.843e+04    8.68e-06    9.39e-05    3.08e-04    
6.310e+04    4.57e-06    9.48e-05    3.08e-04    
6.813e+04    2.11e-06    9.47e-05    3.04e-04    
7.356e+04    8.64e-07    9.39e-05    2.98e-04    
7.943e+04    3.26e-07    9.24e-05    2.90e-04    
8.577e+04    1.19e-07    9.03e-05    2.79e-04    
9.261e+04    4.40e-08    8.78e-05    2.68e-04    
1.000e+05    1.64e-08    8.48e-05    2.55e-04    
1.080e+05    6.01e-09    8.13e-05    2.40e-04    
1.166e+05    2.11e-09    7.73e-05    2.25e-04    
1.259e+05    6.98e-10    7.28e-05    2.09e-04    
1.359e+05    2.15e-10    6.78e-05    1.92e-04    
1.468e+05    6.10e-11    6.23e-05    1.74e-04    
1.585e+05    1.58e-11    5.63e-05    1.55e-04    
1.711e+05    3.70e-12    5.00e-05    1.37e-04    
1.848e+05    7.80e-13    4.35e-05    1.19e-04    
1.995e+05    1.46e-13    3.70e-05    1.02e-04    
2.154e+05    2.40e-14    3.07e-05    8.59e-05    
2.326e+05    3.44e-15    2.48e-05    7.17e-05    
2.512e+05    4.23e-16    1.95e-05    5.94e-05    
2.712e+05    4.43e-17    1.49e-05    4.91e-05    
2.929e+05    3.89e-18    1.12e-05    4.08e-05    
3.162e+05    2.81e-19    8.26e-06    3.43e-05    
3.415e+05    1.65e-20    6.02e-06    2.92e-05    
3.687e+05    7.75e-22    4.35e-06    2.53e-05    
3.981e+05    2.84e-23    3.13e-06    2.22e-05    
4.299e+05    7.74e-25    2.23e-06    1.98e-05    
4.642e+05    -7.00e-27   1.57e-06    1.78e-05    
5.012e+05    -1.99e-26   1.08e-06    1.61e-05    
5.412e+05    -1.76e-26   7.31e-07    1.47e-05    
5.843e+05    -1.67e-26   4.78e-07    1.35e-05    
6.310e+05    -1.69e-26   3.00e-07    1.24e-05    
6.813e+05    -1.73e-26   1.80e-07    1.14e-05    
7.356e+05    -1.66e-26   1.02e-07    1.06e-05    
7.943e+05    -1.45e-26   5.49e-08    9.73e-06    
8.577e+05    -1.12e-26   2.80e-08    8.95e-06    
9.261e+05    -7.64e-27   1.37e-08    8.21e-06    
1.000e+06    -5.02e-27   6.71e-09    7.50e-06    
1.080e+06    -6.11e-27   3.46e-09    6.82e-06    
1.166e+06    -9.15e-27   1.98e-09    6.17e-06    
1.259e+06    -5.22e-27   1.27e-09    5.54e-06    
1.359e+06    -3.53e-27   8.75e-10    4.94e-06    
1.468e+06    -4.03e-26   6.24e-10    4.37e-06    
1.585e+06    5.65e-27    4.48e-10    3.84e-06    
1.711e+06    7.63e-26    3.20e-10    3.34e-06    
1.848e+06    2.04e-25    2.27e-10    2.88e-06    
1.995e+06    1.59e-25    1.60e-10    2.46e-06    
2.154e+06    -2.16e-25   1.12e-10    2.08e-06    
2.326e+06    5.63e-25    7.84e-11    1.75e-06    
2.512e+06    1.47e-24    5.45e-11    1.45e-06    
2.712e+06    1.17e-24    3.78e-11    1.20e-06    
2.929e+06    2.49e-24    2.61e-11    9.84e-07    
3.162e+06    3.16e-24    1.80e-11    8.03e-07    
3.415e+06    4.25e-24    1.24e-11    6.54e-07    
3.687e+06    9.15e-25    8.51e-12    5.33e-07    
3.981e+06    -3.09e-26   5.80e-12    4.35e-07    
4.299e+06    9.43e-25    3.92e-12    3.57e-07    
4.642e+06    1.36e-24    2.62e-12    2.94e-07    
5.012e+06    -1.42e-25   1.73e-12    2.43e-07    
5.412e+06    -2.12e-24   1.12e-12    2.02e-07    
5.843e+06    -1.63e-24   7.09e-13    1.68e-07    
6.310e+06    -1.64e-24   4.39e-13    1.40e-07    
6.813e+06    -9.69e-26   2.64e-13    1.16e-07    
7.356e+06    3.19e-25    1.55e-13    9.55e-08    
7.943e+06    -1.32e-24   8.76e-14    7.82e-08    
8.577e+06    1.39e-25    4.79e-14    6.35e-08    
9.261e+06    8.75e-25    2.52e-14    5.11e-08    
1.000e+07    1.45e-24    1.27e-14    4.08e-08    
1.080e+07    -2.14e-24   6.14e-15    3.24e-08    
1.166e+07    -2.96e-24   2.82e-15    2.56e-08    
1.259e+07    8.47e-24    1.23e-15    2.02e-08    
1.359e+07    1.35e-23    5.04e-16    1.61e-08    
1.468e+07    1.62e-23    1.95e-16    1.30e-08    
1.585e+07    6.64e-24    7.02e-17    1.07e-08    
1.711e+07    -1.12e-23   2.35e-17    9.07e-09    
1.848e+07    1.03e-23    7.29e-18    7.92e-09    
1.995e+07    -3.80e-23   2.08e-18    7.13e-09    
2.154e+07    9.61e-24    5.42e-19    6.59e-09    
2.326e+07    9.14e-24    1.28e-19    6.24e-09    
2.512e+07    -1.93e-23   2.75e-20    5.99e-09    
2.712e+07    7.72e-24    5.18e-21    5.82e-09    
2.929e+07    2.79e-24    8.83e-22    5.69e-09    
3.162e+07    -6.46e-25   1.21e-22    5.59e-09    
3.415e+07    1.27e-26    2.20e-23    5.51e-09    
3.687e+07    -4.62e-26   4.95e-24    5.43e-09    
3.981e+07    -7.52e-27   2.35e-24    5.36e-09    
4.299e+07    4.14e-27    1.79e-24    5.29e-09    
4.642e+07    3.63e-27    1.48e-24    5.23e-09    
5.012e+07    -1.47e-27   1.18e-24    5.16e-09    
5.412e+07    3.90e-27    9.85e-25    5.10e-09    
5.843e+07    5.64e-29    7.88e-25    5.03e-09    
6.310e+07    5.20e-27    6.69e-25    4.97e-09    
6.813e+07    -2.37e-27   4.97e-25    4.90e-09    
7.356e+07    7.76e-28    4.00e-25    4.83e-09    
7.943e+07    1.60e-26    4.21e-25    4.76e-09    
8.577e+07    -8.22e-27   2.14e-25    4.68e-09    
9.261e+07    1.45e-26    2.78e-25    4.60e-09    
1.000e+08    -1.59e-27   1.17e-25    4.52e-09    
