!Excitation of vibrational states of the ground electronic state,
!First parameter - pure rotational excitation [cm-3 s-1]
!For each vibration state (0,1,...14) two parameters:
!1. Vibrational excitation rate, vi -> vf, vi < vf (within the ground electronic state) [cm-3 s-1],
!2. Excitation rate of vibration state through electronic excitation [cm-3 s-1],
!H nuclei concentration [cm-3], nb of times,
! 2.000e+04      13     
!time(s)    rot           0           0             1           1             2           2             3           3             4           4             5           5             6           6             7           7             8           8             9           9             10          10            11          11            12          12            13          13            14          14            
0.000e+00   0.000e+00     0.000e+00   0.000e+00     0.000e+00   0.000e+00     0.000e+00   0.000e+00     0.000e+00   0.000e+00     0.000e+00   0.000e+00     0.000e+00   0.000e+00     0.000e+00   0.000e+00     0.000e+00   0.000e+00     0.000e+00   0.000e+00     0.000e+00   0.000e+00     0.000e+00   0.000e+00     0.000e+00   0.000e+00     0.000e+00   0.000e+00     0.000e+00   0.000e+00     0.000e+00   0.000e+00     
1.000e+01   3.073e-08     0.000e+00   4.330e-06     8.254e-09   2.741e-06     6.116e-10   2.478e-06     7.023e-11   2.603e-06     1.189e-11   2.576e-06     3.838e-12   2.528e-06     2.322e-12   2.203e-06     1.423e-12   1.817e-06     8.203e-13   1.531e-06     6.241e-13   1.299e-06     5.761e-13   1.124e-06     5.029e-13   1.010e-06     3.807e-13   9.309e-07     2.415e-13   8.111e-07     1.023e-13   5.766e-07     
1.080e+01   3.318e-08     0.000e+00   4.330e-06     8.913e-09   2.741e-06     6.604e-10   2.479e-06     7.584e-11   2.604e-06     1.284e-11   2.576e-06     4.144e-12   2.528e-06     2.507e-12   2.204e-06     1.537e-12   1.817e-06     8.858e-13   1.531e-06     6.739e-13   1.299e-06     6.221e-13   1.124e-06     5.431e-13   1.010e-06     4.111e-13   9.309e-07     2.608e-13   8.111e-07     1.104e-13   5.767e-07     
1.166e+01   3.583e-08     0.000e+00   4.331e-06     9.624e-09   2.741e-06     7.131e-10   2.479e-06     8.190e-11   2.604e-06     1.386e-11   2.576e-06     4.475e-12   2.529e-06     2.707e-12   2.204e-06     1.660e-12   1.817e-06     9.566e-13   1.531e-06     7.278e-13   1.299e-06     6.718e-13   1.124e-06     5.864e-13   1.010e-06     4.440e-13   9.310e-07     2.816e-13   8.112e-07     1.193e-13   5.768e-07     
1.259e+01   3.869e-08     0.000e+00   4.331e-06     1.039e-08   2.741e-06     7.701e-10   2.479e-06     8.844e-11   2.604e-06     1.497e-11   2.577e-06     4.832e-12   2.529e-06     2.924e-12   2.204e-06     1.792e-12   1.818e-06     1.033e-12   1.531e-06     7.859e-13   1.299e-06     7.255e-13   1.124e-06     6.333e-13   1.010e-06     4.794e-13   9.311e-07     3.041e-13   8.113e-07     1.288e-13   5.768e-07     
1.359e+01   4.178e-08     0.000e+00   4.332e-06     1.122e-08   2.742e-06     8.316e-10   2.479e-06     9.550e-11   2.604e-06     1.617e-11   2.577e-06     5.218e-12   2.529e-06     3.157e-12   2.204e-06     1.935e-12   1.818e-06     1.116e-12   1.532e-06     8.487e-13   1.299e-06     7.834e-13   1.124e-06     6.838e-13   1.010e-06     5.177e-13   9.312e-07     3.284e-13   8.114e-07     1.391e-13   5.769e-07     
1.468e+01   4.512e-08     0.000e+00   4.332e-06     1.212e-08   2.742e-06     8.980e-10   2.480e-06     1.031e-10   2.605e-06     1.746e-11   2.577e-06     5.635e-12   2.530e-06     3.409e-12   2.205e-06     2.090e-12   1.818e-06     1.205e-12   1.532e-06     9.165e-13   1.299e-06     8.460e-13   1.124e-06     7.385e-13   1.010e-06     5.591e-13   9.313e-07     3.546e-13   8.115e-07     1.502e-13   5.769e-07     
1.585e+01   4.872e-08     0.000e+00   4.333e-06     1.309e-08   2.742e-06     9.698e-10   2.480e-06     1.114e-10   2.605e-06     1.885e-11   2.578e-06     6.085e-12   2.530e-06     3.682e-12   2.205e-06     2.257e-12   1.818e-06     1.301e-12   1.532e-06     9.897e-13   1.299e-06     9.136e-13   1.124e-06     7.975e-13   1.010e-06     6.038e-13   9.315e-07     3.830e-13   8.116e-07     1.622e-13   5.770e-07     
1.711e+01   5.262e-08     0.000e+00   4.333e-06     1.413e-08   2.743e-06     1.047e-09   2.480e-06     1.203e-10   2.606e-06     2.036e-11   2.578e-06     6.572e-12   2.530e-06     3.976e-12   2.205e-06     2.437e-12   1.818e-06     1.405e-12   1.532e-06     1.069e-12   1.300e-06     9.866e-13   1.125e-06     8.612e-13   1.011e-06     6.520e-13   9.316e-07     4.136e-13   8.117e-07     1.752e-13   5.771e-07     
1.848e+01   5.682e-08     0.000e+00   4.334e-06     1.526e-08   2.743e-06     1.131e-09   2.481e-06     1.299e-10   2.606e-06     2.199e-11   2.578e-06     7.097e-12   2.531e-06     4.294e-12   2.205e-06     2.632e-12   1.819e-06     1.517e-12   1.532e-06     1.154e-12   1.300e-06     1.065e-12   1.125e-06     9.300e-13   1.011e-06     7.041e-13   9.317e-07     4.466e-13   8.118e-07     1.892e-13   5.772e-07     
1.995e+01   6.136e-08     0.000e+00   4.335e-06     1.648e-08   2.744e-06     1.221e-09   2.481e-06     1.403e-10   2.606e-06     2.374e-11   2.579e-06     7.664e-12   2.531e-06     4.637e-12   2.206e-06     2.842e-12   1.819e-06     1.638e-12   1.533e-06     1.246e-12   1.300e-06     1.151e-12   1.125e-06     1.004e-12   1.011e-06     7.604e-13   9.319e-07     4.823e-13   8.119e-07     2.043e-13   5.773e-07     
2.154e+01   6.627e-08     0.000e+00   4.335e-06     1.780e-08   2.744e-06     1.319e-09   2.482e-06     1.515e-10   2.607e-06     2.564e-11   2.579e-06     8.277e-12   2.532e-06     5.007e-12   2.206e-06     3.069e-12   1.819e-06     1.769e-12   1.533e-06     1.346e-12   1.300e-06     1.243e-12   1.125e-06     1.085e-12   1.011e-06     8.211e-13   9.321e-07     5.208e-13   8.121e-07     2.206e-13   5.774e-07     
2.326e+01   7.156e-08     0.000e+00   4.336e-06     1.922e-08   2.745e-06     1.424e-09   2.482e-06     1.636e-10   2.607e-06     2.769e-11   2.580e-06     8.938e-12   2.532e-06     5.408e-12   2.207e-06     3.315e-12   1.820e-06     1.911e-12   1.533e-06     1.454e-12   1.300e-06     1.342e-12   1.125e-06     1.171e-12   1.011e-06     8.868e-13   9.322e-07     5.625e-13   8.122e-07     2.382e-13   5.775e-07     
