!Electron spectrum evolution,
!first row: H nuclei concentration [cm-3], nb of rows (= nb of el. energies) and nb of times,
!second row: time (s),
!data: col.1 - centre of the energy bin [eV], col.2 - bin semi-length [eV], col.3 - spectrum N(E) [cm-3 eV-1],
! 2.000000e+04   345    3      
!                           0.0000e+00   1.0000e+01   1.0798e+01   
1.162791e-02  1.162791e-02  0.0000e+00   5.1887e-05   5.6029e-05   
3.488372e-02  1.162791e-02  0.0000e+00   5.1702e-05   5.5829e-05   
5.813953e-02  1.162791e-02  0.0000e+00   5.1517e-05   5.5629e-05   
8.139535e-02  1.162791e-02  0.0000e+00   5.1332e-05   5.5430e-05   
1.046512e-01  1.162791e-02  0.0000e+00   5.1148e-05   5.5231e-05   
1.279070e-01  1.162791e-02  0.0000e+00   5.0964e-05   5.5033e-05   
1.511628e-01  1.162791e-02  0.0000e+00   5.0781e-05   5.4835e-05   
1.744186e-01  1.162791e-02  0.0000e+00   5.0599e-05   5.4638e-05   
1.976744e-01  1.162791e-02  0.0000e+00   5.0417e-05   5.4442e-05   
2.209302e-01  1.162791e-02  0.0000e+00   5.0236e-05   5.4246e-05   
2.441860e-01  1.162791e-02  0.0000e+00   5.0054e-05   5.4050e-05   
2.674419e-01  1.162791e-02  0.0000e+00   4.9874e-05   5.3855e-05   
2.906977e-01  1.162791e-02  0.0000e+00   4.9694e-05   5.3661e-05   
3.139535e-01  1.162791e-02  0.0000e+00   4.9515e-05   5.3468e-05   
3.372093e-01  1.162791e-02  0.0000e+00   4.9339e-05   5.3278e-05   
3.604651e-01  1.162791e-02  0.0000e+00   4.9161e-05   5.3086e-05   
3.837209e-01  1.162791e-02  0.0000e+00   4.8983e-05   5.2894e-05   
4.069767e-01  1.162791e-02  0.0000e+00   4.8804e-05   5.2700e-05   
4.302326e-01  1.162791e-02  0.0000e+00   4.8627e-05   5.2509e-05   
4.534884e-01  1.162791e-02  0.0000e+00   4.8450e-05   5.2318e-05   
4.767442e-01  1.162791e-02  0.0000e+00   4.8275e-05   5.2128e-05   
5.000000e-01  1.162791e-02  0.0000e+00   4.8100e-05   5.1940e-05   
5.232558e-01  1.162791e-02  0.0000e+00   4.7924e-05   5.1750e-05   
5.465116e-01  1.162791e-02  0.0000e+00   4.7751e-05   5.1563e-05   
5.697674e-01  1.162791e-02  0.0000e+00   4.7578e-05   5.1376e-05   
5.930233e-01  1.162791e-02  0.0000e+00   4.7405e-05   5.1189e-05   
6.162791e-01  1.162791e-02  0.0000e+00   4.7233e-05   5.1003e-05   
6.395349e-01  1.162791e-02  0.0000e+00   4.7066e-05   5.0824e-05   
6.627907e-01  1.162791e-02  0.0000e+00   4.6896e-05   5.0640e-05   
6.860465e-01  1.162791e-02  0.0000e+00   4.6721e-05   5.0451e-05   
7.093023e-01  1.162791e-02  0.0000e+00   4.6549e-05   5.0265e-05   
7.325581e-01  1.162791e-02  0.0000e+00   4.6380e-05   5.0082e-05   
7.558140e-01  1.162791e-02  0.0000e+00   4.6211e-05   4.9900e-05   
7.790698e-01  1.162791e-02  0.0000e+00   4.6042e-05   4.9718e-05   
8.023256e-01  1.162791e-02  0.0000e+00   4.5875e-05   4.9537e-05   
8.255814e-01  1.162791e-02  0.0000e+00   4.5706e-05   4.9355e-05   
8.488372e-01  1.162791e-02  0.0000e+00   4.5540e-05   4.9175e-05   
8.720930e-01  1.162791e-02  0.0000e+00   4.5373e-05   4.8995e-05   
8.953488e-01  1.162791e-02  0.0000e+00   4.5208e-05   4.8817e-05   
9.186047e-01  1.162791e-02  0.0000e+00   4.5045e-05   4.8641e-05   
9.418605e-01  1.162791e-02  0.0000e+00   4.4887e-05   4.8471e-05   
9.651163e-01  1.162791e-02  0.0000e+00   4.4720e-05   4.8290e-05   
9.883721e-01  1.162791e-02  0.0000e+00   4.4553e-05   4.8111e-05   
1.011646e+00  1.164650e-02  0.0000e+00   4.4390e-05   4.7934e-05   
1.035211e+00  1.191778e-02  0.0000e+00   4.4224e-05   4.7755e-05   
1.059324e+00  1.219538e-02  0.0000e+00   4.4058e-05   4.7575e-05   
1.083999e+00  1.247945e-02  0.0000e+00   4.3886e-05   4.7390e-05   
1.109248e+00  1.277013e-02  0.0000e+00   4.3711e-05   4.7201e-05   
1.135086e+00  1.306758e-02  0.0000e+00   4.3534e-05   4.7010e-05   
1.161526e+00  1.337197e-02  0.0000e+00   4.3353e-05   4.6814e-05   
1.188581e+00  1.368344e-02  0.0000e+00   4.3167e-05   4.6613e-05   
1.216267e+00  1.400217e-02  0.0000e+00   4.2982e-05   4.6413e-05   
1.244597e+00  1.432832e-02  0.0000e+00   4.2797e-05   4.6214e-05   
1.273587e+00  1.466207e-02  0.0000e+00   4.2597e-05   4.5998e-05   
1.303253e+00  1.500359e-02  0.0000e+00   4.2397e-05   4.5782e-05   
1.333610e+00  1.535307e-02  0.0000e+00   4.2193e-05   4.5562e-05   
1.364674e+00  1.571069e-02  0.0000e+00   4.1989e-05   4.5341e-05   
1.396461e+00  1.607664e-02  0.0000e+00   4.1776e-05   4.5112e-05   
1.428989e+00  1.645111e-02  0.0000e+00   4.1562e-05   4.4880e-05   
1.462274e+00  1.683431e-02  0.0000e+00   4.1346e-05   4.4647e-05   
1.496335e+00  1.722643e-02  0.0000e+00   4.1122e-05   4.4405e-05   
1.531189e+00  1.762769e-02  0.0000e+00   4.0902e-05   4.4168e-05   
1.566855e+00  1.803829e-02  0.0000e+00   4.0674e-05   4.3922e-05   
1.603352e+00  1.845845e-02  0.0000e+00   4.0438e-05   4.3666e-05   
1.640699e+00  1.888841e-02  0.0000e+00   4.0200e-05   4.3409e-05   
1.678915e+00  1.932837e-02  0.0000e+00   3.9959e-05   4.3149e-05   
1.718022e+00  1.977859e-02  0.0000e+00   3.9712e-05   4.2882e-05   
1.758040e+00  2.023929e-02  0.0000e+00   3.9462e-05   4.2613e-05   
1.798990e+00  2.071072e-02  0.0000e+00   3.9209e-05   4.2339e-05   
1.840894e+00  2.119314e-02  0.0000e+00   3.8952e-05   4.2062e-05   
1.883774e+00  2.168679e-02  0.0000e+00   3.8693e-05   4.1783e-05   
1.927653e+00  2.219194e-02  0.0000e+00   3.8423e-05   4.1491e-05   
1.972553e+00  2.270886e-02  0.0000e+00   3.8153e-05   4.1199e-05   
2.018500e+00  2.323781e-02  0.0000e+00   3.7879e-05   4.0904e-05   
2.065517e+00  2.377909e-02  0.0000e+00   3.7597e-05   4.0599e-05   
2.113629e+00  2.433298e-02  0.0000e+00   3.7315e-05   4.0295e-05   
2.162862e+00  2.489977e-02  0.0000e+00   3.7029e-05   3.9986e-05   
2.213241e+00  2.547976e-02  0.0000e+00   3.6740e-05   3.9673e-05   
2.264794e+00  2.607326e-02  0.0000e+00   3.6442e-05   3.9352e-05   
2.317548e+00  2.668058e-02  0.0000e+00   3.6141e-05   3.9026e-05   
2.371531e+00  2.730205e-02  0.0000e+00   3.5837e-05   3.8698e-05   
2.426771e+00  2.793800e-02  0.0000e+00   3.5527e-05   3.8363e-05   
2.483298e+00  2.858876e-02  0.0000e+00   3.5217e-05   3.8029e-05   
2.541141e+00  2.925468e-02  0.0000e+00   3.4902e-05   3.7689e-05   
2.600332e+00  2.993610e-02  0.0000e+00   3.4578e-05   3.7339e-05   
2.660901e+00  3.063341e-02  0.0000e+00   3.4253e-05   3.6988e-05   
2.722882e+00  3.134695e-02  0.0000e+00   3.3924e-05   3.6632e-05   
2.786306e+00  3.207711e-02  0.0000e+00   3.3590e-05   3.6272e-05   
2.851207e+00  3.282429e-02  0.0000e+00   3.3256e-05   3.5911e-05   
2.917620e+00  3.358886e-02  0.0000e+00   3.2915e-05   3.5543e-05   
2.985580e+00  3.437125e-02  0.0000e+00   3.2568e-05   3.5168e-05   
3.055124e+00  3.517186e-02  0.0000e+00   3.2219e-05   3.4791e-05   
3.126287e+00  3.599111e-02  0.0000e+00   3.1867e-05   3.4411e-05   
3.199107e+00  3.682945e-02  0.0000e+00   3.1513e-05   3.4029e-05   
3.273624e+00  3.768732e-02  0.0000e+00   3.1152e-05   3.3639e-05   
3.349876e+00  3.856517e-02  0.0000e+00   3.0789e-05   3.3247e-05   
3.427905e+00  3.946347e-02  0.0000e+00   3.0422e-05   3.2851e-05   
3.507751e+00  4.038269e-02  0.0000e+00   3.0053e-05   3.2452e-05   
3.589457e+00  4.132333e-02  0.0000e+00   2.9680e-05   3.2050e-05   
3.673066e+00  4.228587e-02  0.0000e+00   2.9303e-05   3.1642e-05   
3.758623e+00  4.327084e-02  0.0000e+00   2.8924e-05   3.1233e-05   
3.846173e+00  4.427874e-02  0.0000e+00   2.8542e-05   3.0820e-05   
3.935762e+00  4.531013e-02  0.0000e+00   2.8158e-05   3.0406e-05   
4.027437e+00  4.636554e-02  0.0000e+00   2.7769e-05   2.9986e-05   
4.121248e+00  4.744553e-02  0.0000e+00   2.7379e-05   2.9565e-05   
4.217245e+00  4.855068e-02  0.0000e+00   2.6987e-05   2.9142e-05   
4.315477e+00  4.968157e-02  0.0000e+00   2.6593e-05   2.8717e-05   
4.415997e+00  5.083880e-02  0.0000e+00   2.6195e-05   2.8286e-05   
4.518859e+00  5.202299e-02  0.0000e+00   2.5797e-05   2.7857e-05   
4.624117e+00  5.323476e-02  0.0000e+00   2.5397e-05   2.7425e-05   
4.731826e+00  5.447476e-02  0.0000e+00   2.4996e-05   2.6992e-05   
4.842045e+00  5.574364e-02  0.0000e+00   2.4591e-05   2.6554e-05   
4.954830e+00  5.704207e-02  0.0000e+00   2.4188e-05   2.6119e-05   
5.070243e+00  5.837075e-02  0.0000e+00   2.3781e-05   2.5680e-05   
5.188344e+00  5.973038e-02  0.0000e+00   2.3376e-05   2.5243e-05   
5.309196e+00  6.112168e-02  0.0000e+00   2.2967e-05   2.4801e-05   
5.432863e+00  6.254539e-02  0.0000e+00   2.2562e-05   2.4363e-05   
5.559411e+00  6.400226e-02  0.0000e+00   2.2152e-05   2.3921e-05   
5.688906e+00  6.549306e-02  0.0000e+00   2.1744e-05   2.3481e-05   
5.821418e+00  6.701859e-02  0.0000e+00   2.1337e-05   2.3041e-05   
5.957016e+00  6.857965e-02  0.0000e+00   2.0928e-05   2.2599e-05   
6.095773e+00  7.017708e-02  0.0000e+00   2.0524e-05   2.2163e-05   
6.237762e+00  7.181171e-02  0.0000e+00   2.0114e-05   2.1720e-05   
6.383058e+00  7.348442e-02  0.0000e+00   1.9712e-05   2.1286e-05   
6.531738e+00  7.519609e-02  0.0000e+00   1.9305e-05   2.0846e-05   
6.683882e+00  7.694764e-02  0.0000e+00   1.8903e-05   2.0412e-05   
6.839570e+00  7.873998e-02  0.0000e+00   1.8502e-05   1.9980e-05   
6.998884e+00  8.057407e-02  0.0000e+00   1.8100e-05   1.9545e-05   
7.161909e+00  8.245088e-02  0.0000e+00   1.7706e-05   1.9120e-05   
7.328731e+00  8.437141e-02  0.0000e+00   1.7307e-05   1.8689e-05   
7.499439e+00  8.633667e-02  0.0000e+00   1.6914e-05   1.8264e-05   
7.674123e+00  8.834771e-02  0.0000e+00   1.6526e-05   1.7846e-05   
7.852877e+00  9.040559e-02  0.0000e+00   1.6134e-05   1.7423e-05   
8.035794e+00  9.251141e-02  0.0000e+00   1.5751e-05   1.7009e-05   
8.222971e+00  9.466627e-02  0.0000e+00   1.5370e-05   1.6598e-05   
8.414509e+00  9.687134e-02  0.0000e+00   1.4990e-05   1.6187e-05   
8.610508e+00  9.912776e-02  0.0000e+00   1.4616e-05   1.5784e-05   
8.811073e+00  1.014367e-01  0.0000e+00   1.4246e-05   1.5383e-05   
9.016309e+00  1.037995e-01  0.0000e+00   1.3877e-05   1.4985e-05   
9.226326e+00  1.062173e-01  0.0000e+00   1.3515e-05   1.4594e-05   
9.441234e+00  1.086914e-01  0.0000e+00   1.3157e-05   1.4207e-05   
9.661149e+00  1.112232e-01  0.0000e+00   1.2801e-05   1.3823e-05   
9.886186e+00  1.138139e-01  0.0000e+00   1.2452e-05   1.3446e-05   
1.011646e+01  1.164650e-01  0.0000e+00   1.2108e-05   1.3075e-05   
1.035211e+01  1.191778e-01  0.0000e+00   1.1766e-05   1.2706e-05   
1.059324e+01  1.219538e-01  0.0000e+00   1.1431e-05   1.2344e-05   
1.083999e+01  1.247945e-01  0.0000e+00   1.1103e-05   1.1990e-05   
1.109248e+01  1.277013e-01  0.0000e+00   1.0777e-05   1.1638e-05   
1.135086e+01  1.306758e-01  0.0000e+00   1.0459e-05   1.1294e-05   
1.161526e+01  1.337197e-01  0.0000e+00   1.0145e-05   1.0955e-05   
1.188581e+01  1.368344e-01  0.0000e+00   9.8366e-06   1.0622e-05   
1.216267e+01  1.400217e-01  0.0000e+00   9.5365e-06   1.0298e-05   
1.244597e+01  1.432832e-01  0.0000e+00   9.2401e-06   9.9777e-06   
1.273587e+01  1.466207e-01  0.0000e+00   8.9503e-06   9.6649e-06   
1.303253e+01  1.500359e-01  0.0000e+00   8.6654e-06   9.3571e-06   
1.333610e+01  1.535307e-01  0.0000e+00   8.3868e-06   9.0562e-06   
1.364674e+01  1.571069e-01  0.0000e+00   8.1146e-06   8.7622e-06   
1.396461e+01  1.607664e-01  0.0000e+00   7.8488e-06   8.4753e-06   
1.428989e+01  1.645111e-01  0.0000e+00   7.5886e-06   8.1943e-06   
1.462274e+01  1.683431e-01  0.0000e+00   7.3345e-06   7.9198e-06   
1.496335e+01  1.722643e-01  0.0000e+00   7.0868e-06   7.6524e-06   
1.531189e+01  1.762769e-01  0.0000e+00   6.8453e-06   7.3916e-06   
1.566855e+01  1.803829e-01  0.0000e+00   6.6097e-06   7.1372e-06   
1.603352e+01  1.845845e-01  0.0000e+00   6.3796e-06   6.8887e-06   
1.640699e+01  1.888841e-01  0.0000e+00   6.1560e-06   6.6473e-06   
1.678915e+01  1.932837e-01  0.0000e+00   5.9384e-06   6.4123e-06   
1.718022e+01  1.977859e-01  0.0000e+00   5.7269e-06   6.1839e-06   
1.758040e+01  2.023929e-01  0.0000e+00   5.5210e-06   5.9615e-06   
1.798990e+01  2.071072e-01  0.0000e+00   5.3210e-06   5.7456e-06   
1.840894e+01  2.119314e-01  0.0000e+00   5.1268e-06   5.5359e-06   
1.883774e+01  2.168679e-01  0.0000e+00   4.9385e-06   5.3325e-06   
1.927653e+01  2.219194e-01  0.0000e+00   4.7558e-06   5.1352e-06   
1.972553e+01  2.270886e-01  0.0000e+00   4.5786e-06   4.9439e-06   
2.018500e+01  2.323781e-01  0.0000e+00   4.4068e-06   4.7584e-06   
2.065517e+01  2.377909e-01  0.0000e+00   4.2404e-06   4.5787e-06   
2.113629e+01  2.433298e-01  0.0000e+00   4.0795e-06   4.4050e-06   
2.162862e+01  2.489977e-01  0.0000e+00   3.9236e-06   4.2366e-06   
2.213241e+01  2.547976e-01  0.0000e+00   3.7731e-06   4.0741e-06   
2.264794e+01  2.607326e-01  0.0000e+00   3.6273e-06   3.9167e-06   
2.317548e+01  2.668058e-01  0.0000e+00   3.4865e-06   3.7646e-06   
2.371531e+01  2.730205e-01  0.0000e+00   3.3506e-06   3.6179e-06   
2.426771e+01  2.793800e-01  0.0000e+00   3.2193e-06   3.4760e-06   
2.483298e+01  2.858876e-01  0.0000e+00   3.0926e-06   3.3393e-06   
2.541141e+01  2.925468e-01  0.0000e+00   2.9704e-06   3.2073e-06   
2.600332e+01  2.993610e-01  0.0000e+00   2.8525e-06   3.0800e-06   
2.660901e+01  3.063341e-01  0.0000e+00   2.7389e-06   2.9573e-06   
2.722882e+01  3.134695e-01  0.0000e+00   2.6293e-06   2.8390e-06   
2.786306e+01  3.207711e-01  0.0000e+00   2.5238e-06   2.7251e-06   
2.851207e+01  3.282429e-01  0.0000e+00   2.4223e-06   2.6154e-06   
2.917620e+01  3.358886e-01  0.0000e+00   2.3244e-06   2.5097e-06   
2.985580e+01  3.437125e-01  0.0000e+00   2.2303e-06   2.4081e-06   
3.055124e+01  3.517186e-01  0.0000e+00   2.1398e-06   2.3104e-06   
3.126287e+01  3.599111e-01  0.0000e+00   2.0525e-06   2.2162e-06   
3.199107e+01  3.682945e-01  0.0000e+00   1.9688e-06   2.1257e-06   
3.273624e+01  3.768732e-01  0.0000e+00   1.8883e-06   2.0388e-06   
3.349876e+01  3.856517e-01  0.0000e+00   1.8108e-06   1.9552e-06   
3.427905e+01  3.946347e-01  0.0000e+00   1.7364e-06   1.8748e-06   
3.507751e+01  4.038269e-01  0.0000e+00   1.6649e-06   1.7977e-06   
3.589457e+01  4.132333e-01  0.0000e+00   1.5963e-06   1.7235e-06   
3.673066e+01  4.228587e-01  0.0000e+00   1.5303e-06   1.6523e-06   
3.758623e+01  4.327084e-01  0.0000e+00   1.4670e-06   1.5839e-06   
3.846173e+01  4.427874e-01  0.0000e+00   1.4062e-06   1.5183e-06   
3.935762e+01  4.531013e-01  0.0000e+00   1.3478e-06   1.4552e-06   
4.027437e+01  4.636554e-01  0.0000e+00   1.2918e-06   1.3947e-06   
4.121248e+01  4.744553e-01  0.0000e+00   1.2380e-06   1.3367e-06   
4.217245e+01  4.855068e-01  0.0000e+00   1.1865e-06   1.2810e-06   
4.315477e+01  4.968157e-01  0.0000e+00   1.1370e-06   1.2276e-06   
4.415997e+01  5.083880e-01  0.0000e+00   1.0895e-06   1.1763e-06   
4.518859e+01  5.202299e-01  0.0000e+00   1.0440e-06   1.1272e-06   
4.624117e+01  5.323476e-01  0.0000e+00   1.0003e-06   1.0800e-06   
4.731826e+01  5.447476e-01  0.0000e+00   9.5837e-07   1.0347e-06   
4.842045e+01  5.574364e-01  0.0000e+00   9.1821e-07   9.9139e-07   
4.954830e+01  5.704207e-01  0.0000e+00   8.7969e-07   9.4979e-07   
5.070243e+01  5.837075e-01  0.0000e+00   8.4274e-07   9.0990e-07   
5.188344e+01  5.973038e-01  0.0000e+00   8.0729e-07   8.7162e-07   
5.309196e+01  6.112168e-01  0.0000e+00   7.7334e-07   8.3497e-07   
5.432863e+01  6.254539e-01  0.0000e+00   7.4079e-07   7.9982e-07   
5.559411e+01  6.400226e-01  0.0000e+00   7.0957e-07   7.6611e-07   
5.688906e+01  6.549306e-01  0.0000e+00   6.7964e-07   7.3379e-07   
5.821418e+01  6.701859e-01  0.0000e+00   6.5091e-07   7.0278e-07   
5.957016e+01  6.857965e-01  0.0000e+00   6.2341e-07   6.7309e-07   
6.095773e+01  7.017708e-01  0.0000e+00   5.9706e-07   6.4463e-07   
6.237762e+01  7.181171e-01  0.0000e+00   5.7178e-07   6.1734e-07   
6.383058e+01  7.348442e-01  0.0000e+00   5.4754e-07   5.9117e-07   
6.531738e+01  7.519609e-01  0.0000e+00   5.2429e-07   5.6606e-07   
6.683882e+01  7.694764e-01  0.0000e+00   5.0203e-07   5.4202e-07   
6.839570e+01  7.873998e-01  0.0000e+00   4.8068e-07   5.1898e-07   
6.998884e+01  8.057407e-01  0.0000e+00   4.6023e-07   4.9689e-07   
7.161909e+01  8.245088e-01  0.0000e+00   4.4062e-07   4.7572e-07   
7.328731e+01  8.437141e-01  0.0000e+00   4.2181e-07   4.5542e-07   
7.499439e+01  8.633667e-01  0.0000e+00   4.0378e-07   4.3595e-07   
7.674123e+01  8.834771e-01  0.0000e+00   3.8650e-07   4.1730e-07   
7.852877e+01  9.040559e-01  0.0000e+00   3.6995e-07   3.9942e-07   
8.035794e+01  9.251141e-01  0.0000e+00   3.5408e-07   3.8229e-07   
8.222971e+01  9.466627e-01  0.0000e+00   3.3887e-07   3.6587e-07   
8.414509e+01  9.687134e-01  0.0000e+00   3.2430e-07   3.5013e-07   
8.610508e+01  9.912776e-01  0.0000e+00   3.1031e-07   3.3504e-07   
8.811073e+01  1.014367e+00  0.0000e+00   2.9692e-07   3.2058e-07   
9.016309e+01  1.037995e+00  0.0000e+00   2.8408e-07   3.0672e-07   
9.226326e+01  1.062173e+00  0.0000e+00   2.7178e-07   2.9343e-07   
9.441234e+01  1.086914e+00  0.0000e+00   2.5999e-07   2.8071e-07   
9.661149e+01  1.112232e+00  0.0000e+00   2.4870e-07   2.6851e-07   
9.886186e+01  1.138139e+00  0.0000e+00   2.3787e-07   2.5682e-07   
1.011646e+02  1.164650e+00  0.0000e+00   2.2750e-07   2.4562e-07   
1.035211e+02  1.191778e+00  0.0000e+00   2.1756e-07   2.3489e-07   
1.059324e+02  1.219538e+00  0.0000e+00   2.0804e-07   2.2461e-07   
1.083999e+02  1.247945e+00  0.0000e+00   1.9891e-07   2.1475e-07   
1.109248e+02  1.277013e+00  0.0000e+00   1.9016e-07   2.0531e-07   
1.135086e+02  1.306758e+00  0.0000e+00   1.8179e-07   1.9627e-07   
1.161526e+02  1.337197e+00  0.0000e+00   1.7376e-07   1.8761e-07   
1.188581e+02  1.368344e+00  0.0000e+00   1.6608e-07   1.7931e-07   
1.216267e+02  1.400217e+00  0.0000e+00   1.5872e-07   1.7136e-07   
1.244597e+02  1.432832e+00  0.0000e+00   1.5167e-07   1.6375e-07   
1.273587e+02  1.466207e+00  0.0000e+00   1.4492e-07   1.5647e-07   
1.303253e+02  1.500359e+00  0.0000e+00   1.3846e-07   1.4949e-07   
1.333610e+02  1.535307e+00  0.0000e+00   1.3226e-07   1.4280e-07   
1.364674e+02  1.571069e+00  0.0000e+00   1.2633e-07   1.3640e-07   
1.396461e+02  1.607664e+00  0.0000e+00   1.2066e-07   1.3027e-07   
1.428989e+02  1.645111e+00  0.0000e+00   1.1523e-07   1.2441e-07   
1.462274e+02  1.683431e+00  0.0000e+00   1.1003e-07   1.1879e-07   
1.496335e+02  1.722643e+00  0.0000e+00   1.0505e-07   1.1342e-07   
1.531189e+02  1.762769e+00  0.0000e+00   1.0029e-07   1.0828e-07   
1.566855e+02  1.803829e+00  0.0000e+00   9.5733e-08   1.0336e-07   
1.603352e+02  1.845845e+00  0.0000e+00   9.1375e-08   9.8656e-08   
1.640699e+02  1.888841e+00  0.0000e+00   8.7205e-08   9.4154e-08   
1.678915e+02  1.932837e+00  0.0000e+00   8.3216e-08   8.9848e-08   
1.718022e+02  1.977859e+00  0.0000e+00   7.9403e-08   8.5730e-08   
1.758040e+02  2.023929e+00  0.0000e+00   7.5756e-08   8.1792e-08   
1.798990e+02  2.071072e+00  0.0000e+00   7.2268e-08   7.8027e-08   
1.840894e+02  2.119314e+00  0.0000e+00   6.8935e-08   7.4428e-08   
1.883774e+02  2.168679e+00  0.0000e+00   6.5749e-08   7.0988e-08   
1.927653e+02  2.219194e+00  0.0000e+00   6.2705e-08   6.7702e-08   
1.972553e+02  2.270886e+00  0.0000e+00   5.9797e-08   6.4562e-08   
2.018500e+02  2.323781e+00  0.0000e+00   5.7020e-08   6.1564e-08   
2.065517e+02  2.377909e+00  0.0000e+00   5.4368e-08   5.8700e-08   
2.113629e+02  2.433298e+00  0.0000e+00   5.1836e-08   5.5967e-08   
2.162862e+02  2.489977e+00  0.0000e+00   4.9419e-08   5.3358e-08   
2.213241e+02  2.547976e+00  0.0000e+00   4.7114e-08   5.0868e-08   
2.264794e+02  2.607326e+00  0.0000e+00   4.4914e-08   4.8494e-08   
2.317548e+02  2.668058e+00  0.0000e+00   4.2817e-08   4.6229e-08   
2.371531e+02  2.730205e+00  0.0000e+00   4.0818e-08   4.4071e-08   
2.426771e+02  2.793800e+00  0.0000e+00   3.8913e-08   4.2014e-08   
2.483298e+02  2.858876e+00  0.0000e+00   3.7098e-08   4.0055e-08   
2.541141e+02  2.925468e+00  0.0000e+00   3.5370e-08   3.8190e-08   
2.600332e+02  2.993610e+00  0.0000e+00   3.3727e-08   3.6415e-08   
2.660901e+02  3.063341e+00  0.0000e+00   3.2163e-08   3.4727e-08   
2.722882e+02  3.134695e+00  0.0000e+00   3.0677e-08   3.3122e-08   
2.786306e+02  3.207711e+00  0.0000e+00   2.9265e-08   3.1598e-08   
2.851207e+02  3.282429e+00  0.0000e+00   2.7925e-08   3.0151e-08   
2.917620e+02  3.358886e+00  0.0000e+00   2.6654e-08   2.8779e-08   
2.985580e+02  3.437125e+00  0.0000e+00   2.5451e-08   2.7480e-08   
3.055124e+02  3.517186e+00  0.0000e+00   2.4311e-08   2.6249e-08   
3.126287e+02  3.599111e+00  0.0000e+00   2.3233e-08   2.5086e-08   
3.199107e+02  3.682945e+00  0.0000e+00   2.2216e-08   2.3987e-08   
3.273624e+02  3.768732e+00  0.0000e+00   2.1257e-08   2.2952e-08   
3.349876e+02  3.856517e+00  0.0000e+00   2.0355e-08   2.1978e-08   
3.427905e+02  3.946347e+00  0.0000e+00   1.9508e-08   2.1063e-08   
3.507751e+02  4.038269e+00  0.0000e+00   1.8714e-08   2.0206e-08   
3.589457e+02  4.132333e+00  0.0000e+00   1.7973e-08   1.9406e-08   
3.673066e+02  4.228587e+00  0.0000e+00   1.7283e-08   1.8661e-08   
3.758623e+02  4.327084e+00  0.0000e+00   1.6644e-08   1.7971e-08   
3.846173e+02  4.427874e+00  0.0000e+00   1.6054e-08   1.7335e-08   
3.935762e+02  4.531013e+00  0.0000e+00   1.5514e-08   1.6751e-08   
4.027437e+02  4.636554e+00  0.0000e+00   1.5023e-08   1.6221e-08   
4.121248e+02  4.744553e+00  0.0000e+00   1.4580e-08   1.5743e-08   
4.217245e+02  4.855068e+00  0.0000e+00   1.4187e-08   1.5318e-08   
4.315477e+02  4.968157e+00  0.0000e+00   1.3843e-08   1.4947e-08   
4.415997e+02  5.083880e+00  0.0000e+00   1.3550e-08   1.4630e-08   
4.518859e+02  5.202299e+00  0.0000e+00   1.3308e-08   1.4370e-08   
4.624117e+02  5.323476e+00  0.0000e+00   1.3121e-08   1.4168e-08   
4.731826e+02  5.447476e+00  0.0000e+00   1.2989e-08   1.4026e-08   
4.842045e+02  5.574364e+00  0.0000e+00   1.3747e-08   1.4844e-08   
4.954830e+02  5.704207e+00  0.0000e+00   1.2866e-08   1.3893e-08   
5.070243e+02  5.837075e+00  0.0000e+00   1.2121e-08   1.3089e-08   
5.188344e+02  5.973038e+00  0.0000e+00   1.2860e-08   1.3887e-08   
5.309196e+02  6.112168e+00  0.0000e+00   1.3629e-08   1.4717e-08   
5.432863e+02  6.254539e+00  0.0000e+00   1.3947e-08   1.5060e-08   
5.559411e+02  6.400226e+00  0.0000e+00   1.3741e-08   1.4839e-08   
5.688906e+02  6.549306e+00  0.0000e+00   1.4405e-08   1.5555e-08   
5.821418e+02  6.701859e+00  0.0000e+00   1.5088e-08   1.6293e-08   
5.957016e+02  6.857965e+00  0.0000e+00   1.6062e-08   1.7345e-08   
6.095773e+02  7.017708e+00  0.0000e+00   1.6590e-08   1.7915e-08   
6.237762e+02  7.181171e+00  0.0000e+00   1.7622e-08   1.9030e-08   
6.383058e+02  7.348442e+00  0.0000e+00   1.9549e-08   2.1110e-08   
6.531738e+02  7.519609e+00  0.0000e+00   2.1173e-08   2.2865e-08   
6.683882e+02  7.694764e+00  0.0000e+00   2.2958e-08   2.4792e-08   
6.839570e+02  7.873998e+00  0.0000e+00   2.5256e-08   2.7274e-08   
6.998884e+02  8.057407e+00  0.0000e+00   2.8312e-08   3.0574e-08   
7.161909e+02  8.245088e+00  0.0000e+00   3.1980e-08   3.4536e-08   
7.328731e+02  8.437141e+00  0.0000e+00   3.6455e-08   3.9369e-08   
7.499439e+02  8.633667e+00  0.0000e+00   4.2310e-08   4.5692e-08   
7.674123e+02  8.834771e+00  0.0000e+00   4.9744e-08   5.3721e-08   
7.852877e+02  9.040559e+00  0.0000e+00   6.0004e-08   6.4802e-08   
8.035794e+02  9.251141e+00  0.0000e+00   7.3156e-08   7.9008e-08   
8.222971e+02  9.466627e+00  0.0000e+00   9.1569e-08   9.8895e-08   
8.414509e+02  9.687134e+00  0.0000e+00   1.1897e-07   1.2849e-07   
8.610508e+02  9.912776e+00  0.0000e+00   1.6104e-07   1.7394e-07   
8.811073e+02  1.014367e+01  0.0000e+00   2.3208e-07   2.5068e-07   
9.016309e+02  1.037995e+01  0.0000e+00   3.6783e-07   3.9736e-07   
9.226326e+02  1.062173e+01  0.0000e+00   6.9301e-07   7.4885e-07   
9.441234e+02  1.086914e+01  0.0000e+00   2.0224e-06   2.1856e-06   
9.661149e+02  1.112232e+01  0.0000e+00   1.2213e-05   1.3183e-05   
9.886186e+02  1.138139e+01  2.2219e-03   2.2187e-03   2.2185e-03   
1.011646e+03  1.164650e+01  2.1219e-03   2.1095e-03   2.1085e-03   
1.035211e+03  1.191778e+01  0.0000e+00   4.2724e-33   4.2704e-33   
