!Number of dissociations/excitations up to a given time [cm-3],
!tot_int(H2) - integrated amount of H2 dissociated [cm-3],
!sol_int  - dissociation following excitation to the singlet states (Solomon) [cm-3], 
!de_s_int - dissociative excitation of H2 (via singlet states),
!de_t_int - dissociative excitation of H2 (via triplet states),
!hei_int  - HeI excitation [cm-3];
!el_int   - excitation to all H2 electronic states (that are taken into account in the model);
!el_bs_int- excitation to B1S+u H2 electronic state;
!el_cp_int- excitation to C1Pu H2 electronic state;
!vibr_int - excitation to vibrational states within the ground electronic state, vi = 0 -> vf > 0;
!v1_int   - excitation vi = 0 -> vf = 1 within the ground electronic state;
!v2_int   - excitation vi = 0,1 -> vf = 2 within the ground electronic state;
!distance from the GRB source to cloud layer centre [pc], H column density from the cloud boundary to layer centre [cm-2], H nuclei concentration [cm-3], nb of times,
! 0.000000e+00   0.000000e+00   2.000000e+04   212    
!time(s)     tot_int(H2) sol_int     de_s_int    de_t_int    hei_int     el_int      el_bs_int   el_cp_int   vibr_int    v1_int      v2_int      
0.000e+00    0.00e+00    0.00e+00    0.00e+00    0.00e+00    0.00e+00    0.00e+00    0.00e+00    0.00e+00    0.00e+00    0.00e+00    0.00e+00    
1.000e+01    5.11e-05    3.93e-05    1.18e-05    4.96e-08    1.62e-13    3.11e-04    1.35e-04    1.42e-04    4.46e-08    4.11e-08    3.05e-09    
1.080e+01    5.55e-05    4.26e-05    1.28e-05    5.72e-08    1.76e-13    3.37e-04    1.46e-04    1.54e-04    5.20e-08    4.79e-08    3.55e-09    
1.166e+01    6.01e-05    4.62e-05    1.39e-05    6.60e-08    1.90e-13    3.66e-04    1.58e-04    1.67e-04    6.06e-08    5.59e-08    4.14e-09    
1.259e+01    6.51e-05    5.00e-05    1.50e-05    7.62e-08    2.06e-13    3.96e-04    1.72e-04    1.81e-04    7.06e-08    6.52e-08    4.83e-09    
1.359e+01    7.06e-05    5.42e-05    1.63e-05    8.80e-08    2.24e-13    4.29e-04    1.86e-04    1.96e-04    8.24e-08    7.60e-08    5.63e-09    
1.468e+01    7.64e-05    5.87e-05    1.77e-05    1.02e-07    2.42e-13    4.65e-04    2.01e-04    2.12e-04    9.60e-08    8.86e-08    6.56e-09    
1.585e+01    8.28e-05    6.35e-05    1.91e-05    1.18e-07    2.62e-13    5.03e-04    2.18e-04    2.30e-04    1.12e-07    1.03e-07    7.65e-09    
1.711e+01    8.96e-05    6.88e-05    2.07e-05    1.36e-07    2.84e-13    5.45e-04    2.36e-04    2.49e-04    1.31e-07    1.20e-07    8.92e-09    
1.848e+01    9.70e-05    7.44e-05    2.24e-05    1.58e-07    3.07e-13    5.89e-04    2.55e-04    2.69e-04    1.52e-07    1.40e-07    1.04e-08    
1.995e+01    1.05e-04    8.06e-05    2.42e-05    1.83e-07    3.32e-13    6.38e-04    2.76e-04    2.91e-04    1.78e-07    1.64e-07    1.21e-08    
2.154e+01    1.14e-04    8.72e-05    2.62e-05    2.12e-07    3.60e-13    6.90e-04    2.99e-04    3.15e-04    2.07e-07    1.91e-07    1.41e-08    
2.326e+01    1.23e-04    9.43e-05    2.84e-05    2.45e-07    3.89e-13    7.47e-04    3.24e-04    3.41e-04    2.41e-07    2.23e-07    1.65e-08    
2.512e+01    1.33e-04    1.02e-04    3.07e-05    2.84e-07    4.21e-13    8.08e-04    3.50e-04    3.69e-04    2.81e-07    2.60e-07    1.92e-08    
2.712e+01    1.44e-04    1.10e-04    3.32e-05    3.30e-07    4.55e-13    8.74e-04    3.79e-04    3.99e-04    3.28e-07    3.03e-07    2.24e-08    
2.929e+01    1.56e-04    1.19e-04    3.59e-05    3.83e-07    4.92e-13    9.45e-04    4.09e-04    4.32e-04    3.83e-07    3.53e-07    2.62e-08    
3.162e+01    1.68e-04    1.29e-04    3.88e-05    4.44e-07    5.32e-13    1.02e-03    4.43e-04    4.67e-04    4.46e-07    4.12e-07    3.05e-08    
3.415e+01    1.82e-04    1.39e-04    4.20e-05    5.16e-07    5.76e-13    1.10e-03    4.79e-04    5.05e-04    5.20e-07    4.80e-07    3.56e-08    
3.687e+01    1.97e-04    1.51e-04    4.54e-05    5.99e-07    6.22e-13    1.19e-03    5.17e-04    5.46e-04    6.07e-07    5.60e-07    4.15e-08    
3.981e+01    2.13e-04    1.63e-04    4.90e-05    6.96e-07    6.73e-13    1.29e-03    5.59e-04    5.90e-04    7.07e-07    6.53e-07    4.84e-08    
4.299e+01    2.30e-04    1.76e-04    5.30e-05    8.09e-07    7.27e-13    1.40e-03    6.05e-04    6.38e-04    8.25e-07    7.61e-07    5.64e-08    
4.642e+01    2.49e-04    1.90e-04    5.73e-05    9.41e-07    7.86e-13    1.51e-03    6.54e-04    6.89e-04    9.62e-07    8.87e-07    6.58e-08    
5.012e+01    2.69e-04    2.06e-04    6.19e-05    1.09e-06    8.49e-13    1.63e-03    7.07e-04    7.45e-04    1.12e-06    1.03e-06    7.67e-08    
5.412e+01    2.91e-04    2.23e-04    6.69e-05    1.27e-06    9.18e-13    1.76e-03    7.64e-04    8.05e-04    1.31e-06    1.21e-06    8.94e-08    
5.843e+01    3.14e-04    2.41e-04    7.23e-05    1.48e-06    9.92e-13    1.90e-03    8.25e-04    8.70e-04    1.53e-06    1.41e-06    1.04e-07    
6.310e+01    3.40e-04    2.60e-04    7.82e-05    1.72e-06    1.07e-12    2.06e-03    8.92e-04    9.40e-04    1.78e-06    1.64e-06    1.22e-07    
6.813e+01    3.67e-04    2.81e-04    8.45e-05    2.00e-06    1.16e-12    2.22e-03    9.64e-04    1.02e-03    2.07e-06    1.91e-06    1.42e-07    
7.356e+01    3.97e-04    3.04e-04    9.13e-05    2.33e-06    1.25e-12    2.40e-03    1.04e-03    1.10e-03    2.42e-06    2.23e-06    1.65e-07    
7.943e+01    4.29e-04    3.28e-04    9.86e-05    2.71e-06    1.35e-12    2.60e-03    1.13e-03    1.19e-03    2.82e-06    2.60e-06    1.93e-07    
8.577e+01    4.64e-04    3.54e-04    1.07e-04    3.16e-06    1.46e-12    2.81e-03    1.22e-03    1.28e-03    3.29e-06    3.04e-06    2.25e-07    
9.261e+01    5.02e-04    3.83e-04    1.15e-04    3.68e-06    1.58e-12    3.03e-03    1.31e-03    1.39e-03    3.84e-06    3.54e-06    2.62e-07    
1.000e+02    5.43e-04    4.14e-04    1.24e-04    4.28e-06    1.71e-12    3.28e-03    1.42e-03    1.50e-03    4.48e-06    4.13e-06    3.06e-07    
1.080e+02    5.87e-04    4.47e-04    1.34e-04    4.99e-06    1.84e-12    3.54e-03    1.54e-03    1.62e-03    5.22e-06    4.82e-06    3.57e-07    
1.166e+02    6.34e-04    4.83e-04    1.45e-04    5.81e-06    1.99e-12    3.83e-03    1.66e-03    1.75e-03    6.09e-06    5.62e-06    4.16e-07    
1.259e+02    6.86e-04    5.22e-04    1.57e-04    6.76e-06    2.15e-12    4.14e-03    1.79e-03    1.89e-03    7.10e-06    6.55e-06    4.86e-07    
1.359e+02    7.42e-04    5.64e-04    1.70e-04    7.88e-06    2.33e-12    4.47e-03    1.94e-03    2.04e-03    8.29e-06    7.65e-06    5.67e-07    
1.468e+02    8.02e-04    6.10e-04    1.83e-04    9.18e-06    2.51e-12    4.83e-03    2.09e-03    2.21e-03    9.67e-06    8.92e-06    6.61e-07    
1.585e+02    8.68e-04    6.59e-04    1.98e-04    1.07e-05    2.72e-12    5.22e-03    2.26e-03    2.38e-03    1.13e-05    1.04e-05    7.71e-07    
1.711e+02    9.39e-04    7.12e-04    2.14e-04    1.25e-05    2.94e-12    5.64e-03    2.45e-03    2.58e-03    1.32e-05    1.21e-05    9.00e-07    
1.848e+02    1.02e-03    7.70e-04    2.31e-04    1.45e-05    3.17e-12    6.10e-03    2.64e-03    2.78e-03    1.54e-05    1.42e-05    1.05e-06    
1.995e+02    1.10e-03    8.32e-04    2.50e-04    1.69e-05    3.43e-12    6.59e-03    2.86e-03    3.01e-03    1.79e-05    1.65e-05    1.22e-06    
2.154e+02    1.19e-03    8.99e-04    2.70e-04    1.97e-05    3.70e-12    7.12e-03    3.09e-03    3.25e-03    2.09e-05    1.93e-05    1.43e-06    
2.326e+02    1.29e-03    9.72e-04    2.92e-04    2.30e-05    4.00e-12    7.70e-03    3.34e-03    3.51e-03    2.44e-05    2.25e-05    1.67e-06    
2.512e+02    1.39e-03    1.05e-03    3.16e-04    2.68e-05    4.33e-12    8.32e-03    3.61e-03    3.80e-03    2.85e-05    2.63e-05    1.95e-06    
2.712e+02    1.51e-03    1.14e-03    3.41e-04    3.13e-05    4.68e-12    8.99e-03    3.90e-03    4.10e-03    3.32e-05    3.06e-05    2.27e-06    
2.929e+02    1.63e-03    1.23e-03    3.69e-04    3.65e-05    5.05e-12    9.72e-03    4.22e-03    4.44e-03    3.88e-05    3.58e-05    2.65e-06    
3.162e+02    1.77e-03    1.33e-03    3.98e-04    4.25e-05    5.46e-12    1.05e-02    4.56e-03    4.80e-03    4.53e-05    4.17e-05    3.09e-06    
3.415e+02    1.91e-03    1.43e-03    4.31e-04    4.96e-05    5.90e-12    1.14e-02    4.93e-03    5.18e-03    5.28e-05    4.87e-05    3.61e-06    
3.687e+02    2.07e-03    1.55e-03    4.66e-04    5.78e-05    6.38e-12    1.23e-02    5.33e-03    5.60e-03    6.17e-05    5.69e-05    4.22e-06    
3.981e+02    2.25e-03    1.68e-03    5.03e-04    6.74e-05    6.90e-12    1.33e-02    5.76e-03    6.06e-03    7.20e-05    6.64e-05    4.92e-06    
4.299e+02    2.44e-03    1.81e-03    5.44e-04    7.87e-05    7.46e-12    1.44e-02    6.23e-03    6.55e-03    8.41e-05    7.76e-05    5.75e-06    
4.642e+02    2.64e-03    1.96e-03    5.89e-04    9.18e-05    8.07e-12    1.55e-02    6.74e-03    7.09e-03    9.82e-05    9.06e-05    6.72e-06    
5.012e+02    2.87e-03    2.12e-03    6.36e-04    1.07e-04    8.72e-12    1.68e-02    7.29e-03    7.66e-03    1.15e-04    1.06e-04    7.84e-06    
5.412e+02    3.11e-03    2.30e-03    6.88e-04    1.25e-04    9.43e-12    1.82e-02    7.89e-03    8.29e-03    1.34e-04    1.24e-04    9.16e-06    
5.843e+02    3.37e-03    2.48e-03    7.45e-04    1.46e-04    1.02e-11    1.97e-02    8.54e-03    8.97e-03    1.57e-04    1.44e-04    1.07e-05    
6.310e+02    3.66e-03    2.69e-03    8.05e-04    1.70e-04    1.10e-11    2.13e-02    9.24e-03    9.70e-03    1.83e-04    1.69e-04    1.25e-05    
6.813e+02    3.98e-03    2.91e-03    8.71e-04    1.99e-04    1.19e-11    2.30e-02    1.00e-02    1.05e-02    2.14e-04    1.97e-04    1.46e-05    
7.356e+02    4.32e-03    3.15e-03    9.43e-04    2.32e-04    1.29e-11    2.49e-02    1.08e-02    1.14e-02    2.50e-04    2.31e-04    1.71e-05    
7.943e+02    4.70e-03    3.41e-03    1.02e-03    2.71e-04    1.40e-11    2.70e-02    1.17e-02    1.23e-02    2.92e-04    2.70e-04    2.00e-05    
8.577e+02    5.11e-03    3.69e-03    1.10e-03    3.16e-04    1.51e-11    2.92e-02    1.27e-02    1.33e-02    3.42e-04    3.15e-04    2.34e-05    
9.261e+02    5.56e-03    4.00e-03    1.20e-03    3.69e-04    1.64e-11    3.16e-02    1.38e-02    1.44e-02    4.00e-04    3.69e-04    2.73e-05    
1.000e+03    6.05e-03    4.33e-03    1.29e-03    4.31e-04    1.77e-11    3.43e-02    1.49e-02    1.56e-02    4.68e-04    4.31e-04    3.20e-05    
1.080e+03    6.59e-03    4.69e-03    1.40e-03    5.03e-04    1.92e-11    3.71e-02    1.61e-02    1.69e-02    5.47e-04    5.05e-04    3.74e-05    
1.166e+03    7.19e-03    5.08e-03    1.52e-03    5.87e-04    2.08e-11    4.02e-02    1.75e-02    1.83e-02    6.40e-04    5.91e-04    4.38e-05    
1.259e+03    7.84e-03    5.51e-03    1.64e-03    6.86e-04    2.25e-11    4.36e-02    1.90e-02    1.98e-02    7.50e-04    6.92e-04    5.13e-05    
1.359e+03    8.56e-03    5.97e-03    1.78e-03    8.02e-04    2.44e-11    4.73e-02    2.06e-02    2.15e-02    8.78e-04    8.10e-04    6.01e-05    
1.468e+03    9.34e-03    6.48e-03    1.93e-03    9.37e-04    2.64e-11    5.12e-02    2.23e-02    2.33e-02    1.03e-03    9.49e-04    7.04e-05    
1.585e+03    1.02e-02    7.03e-03    2.09e-03    1.09e-03    2.86e-11    5.56e-02    2.42e-02    2.53e-02    1.21e-03    1.11e-03    8.26e-05    
1.711e+03    1.12e-02    7.62e-03    2.27e-03    1.28e-03    3.10e-11    6.03e-02    2.63e-02    2.74e-02    1.41e-03    1.30e-03    9.68e-05    
1.848e+03    1.22e-02    8.27e-03    2.46e-03    1.50e-03    3.37e-11    6.55e-02    2.86e-02    2.97e-02    1.66e-03    1.53e-03    1.14e-04    
1.995e+03    1.34e-02    8.98e-03    2.67e-03    1.75e-03    3.65e-11    7.11e-02    3.10e-02    3.23e-02    1.95e-03    1.79e-03    1.33e-04    
2.154e+03    1.47e-02    9.76e-03    2.90e-03    2.04e-03    3.96e-11    7.72e-02    3.37e-02    3.50e-02    2.28e-03    2.11e-03    1.56e-04    
2.326e+03    1.61e-02    1.06e-02    3.15e-03    2.39e-03    4.30e-11    8.38e-02    3.66e-02    3.81e-02    2.68e-03    2.47e-03    1.84e-04    
2.512e+03    1.77e-02    1.15e-02    3.42e-03    2.79e-03    4.67e-11    9.11e-02    3.98e-02    4.13e-02    3.15e-03    2.91e-03    2.16e-04    
2.712e+03    1.95e-02    1.25e-02    3.71e-03    3.27e-03    5.07e-11    9.91e-02    4.33e-02    4.49e-02    3.70e-03    3.41e-03    2.54e-04    
2.929e+03    2.15e-02    1.36e-02    4.03e-03    3.82e-03    5.50e-11    1.08e-01    4.72e-02    4.88e-02    4.35e-03    4.02e-03    2.98e-04    
3.162e+03    2.37e-02    1.48e-02    4.38e-03    4.47e-03    5.98e-11    1.17e-01    5.14e-02    5.31e-02    5.12e-03    4.72e-03    3.51e-04    
3.415e+03    2.61e-02    1.61e-02    4.76e-03    5.23e-03    6.50e-11    1.28e-01    5.59e-02    5.77e-02    6.03e-03    5.56e-03    4.13e-04    
3.687e+03    2.89e-02    1.76e-02    5.18e-03    6.12e-03    7.06e-11    1.39e-01    6.09e-02    6.28e-02    7.10e-03    6.55e-03    4.87e-04    
3.981e+03    3.19e-02    1.91e-02    5.64e-03    7.15e-03    7.68e-11    1.51e-01    6.64e-02    6.84e-02    8.37e-03    7.72e-03    5.74e-04    
4.299e+03    3.53e-02    2.08e-02    6.13e-03    8.37e-03    8.35e-11    1.65e-01    7.24e-02    7.45e-02    9.87e-03    9.10e-03    6.77e-04    
4.642e+03    3.92e-02    2.27e-02    6.68e-03    9.78e-03    9.09e-11    1.80e-01    7.90e-02    8.11e-02    1.16e-02    1.07e-02    7.99e-04    
5.012e+03    4.35e-02    2.48e-02    7.27e-03    1.14e-02    9.89e-11    1.96e-01    8.62e-02    8.84e-02    1.37e-02    1.27e-02    9.44e-04    
5.412e+03    4.83e-02    2.70e-02    7.92e-03    1.34e-02    1.08e-10    2.14e-01    9.41e-02    9.63e-02    1.62e-02    1.50e-02    1.11e-03    
5.843e+03    5.37e-02    2.95e-02    8.62e-03    1.56e-02    1.17e-10    2.33e-01    1.03e-01    1.05e-01    1.92e-02    1.77e-02    1.32e-03    
6.310e+03    5.98e-02    3.22e-02    9.40e-03    1.83e-02    1.28e-10    2.54e-01    1.12e-01    1.14e-01    2.27e-02    2.09e-02    1.56e-03    
6.813e+03    6.67e-02    3.51e-02    1.02e-02    2.13e-02    1.39e-10    2.78e-01    1.23e-01    1.25e-01    2.69e-02    2.48e-02    1.85e-03    
7.356e+03    7.44e-02    3.84e-02    1.12e-02    2.49e-02    1.52e-10    3.03e-01    1.34e-01    1.36e-01    3.18e-02    2.93e-02    2.19e-03    
7.943e+03    8.31e-02    4.19e-02    1.22e-02    2.90e-02    1.65e-10    3.31e-01    1.47e-01    1.49e-01    3.77e-02    3.47e-02    2.59e-03    
8.577e+03    9.29e-02    4.58e-02    1.33e-02    3.38e-02    1.80e-10    3.62e-01    1.60e-01    1.62e-01    4.47e-02    4.12e-02    3.07e-03    
9.261e+03    1.04e-01    5.01e-02    1.45e-02    3.94e-02    1.96e-10    3.95e-01    1.76e-01    1.77e-01    5.30e-02    4.88e-02    3.64e-03    
1.000e+04    1.16e-01    5.47e-02    1.58e-02    4.59e-02    2.14e-10    4.32e-01    1.92e-01    1.93e-01    6.28e-02    5.79e-02    4.32e-03    
1.080e+04    1.30e-01    5.98e-02    1.72e-02    5.33e-02    2.33e-10    4.72e-01    2.10e-01    2.11e-01    7.46e-02    6.88e-02    5.13e-03    
1.166e+04    1.46e-01    6.54e-02    1.88e-02    6.19e-02    2.54e-10    5.16e-01    2.30e-01    2.31e-01    8.86e-02    8.17e-02    6.09e-03    
1.259e+04    1.64e-01    7.15e-02    2.05e-02    7.18e-02    2.77e-10    5.64e-01    2.52e-01    2.52e-01    1.05e-01    9.70e-02    7.24e-03    
1.359e+04    1.84e-01    7.82e-02    2.24e-02    8.32e-02    3.02e-10    6.17e-01    2.76e-01    2.75e-01    1.25e-01    1.15e-01    8.61e-03    
1.468e+04    2.06e-01    8.55e-02    2.44e-02    9.63e-02    3.30e-10    6.74e-01    3.02e-01    3.01e-01    1.49e-01    1.37e-01    1.02e-02    
1.585e+04    2.31e-01    9.34e-02    2.67e-02    1.11e-01    3.59e-10    7.37e-01    3.30e-01    3.28e-01    1.77e-01    1.63e-01    1.22e-02    
1.711e+04    2.60e-01    1.02e-01    2.91e-02    1.28e-01    3.92e-10    8.06e-01    3.61e-01    3.59e-01    2.10e-01    1.94e-01    1.45e-02    
1.848e+04    2.91e-01    1.12e-01    3.17e-02    1.48e-01    4.27e-10    8.81e-01    3.96e-01    3.92e-01    2.50e-01    2.30e-01    1.72e-02    
1.995e+04    3.27e-01    1.22e-01    3.46e-02    1.70e-01    4.65e-10    9.63e-01    4.33e-01    4.27e-01    2.97e-01    2.74e-01    2.04e-02    
2.154e+04    3.66e-01    1.33e-01    3.77e-02    1.95e-01    5.07e-10    1.05e+00    4.73e-01    4.66e-01    3.53e-01    3.26e-01    2.43e-02    
2.326e+04    4.10e-01    1.46e-01    4.11e-02    2.23e-01    5.51e-10    1.15e+00    5.17e-01    5.09e-01    4.20e-01    3.87e-01    2.89e-02    
2.512e+04    4.59e-01    1.59e-01    4.48e-02    2.55e-01    6.00e-10    1.25e+00    5.65e-01    5.55e-01    4.99e-01    4.60e-01    3.43e-02    
2.712e+04    5.13e-01    1.73e-01    4.87e-02    2.91e-01    6.52e-10    1.37e+00    6.17e-01    6.04e-01    5.93e-01    5.47e-01    4.08e-02    
2.929e+04    5.73e-01    1.88e-01    5.30e-02    3.31e-01    7.07e-10    1.49e+00    6.72e-01    6.56e-01    7.05e-01    6.50e-01    4.84e-02    
3.162e+04    6.38e-01    2.05e-01    5.74e-02    3.76e-01    7.64e-10    1.61e+00    7.31e-01    7.12e-01    8.36e-01    7.71e-01    5.74e-02    
3.415e+04    7.08e-01    2.22e-01    6.20e-02    4.25e-01    8.24e-10    1.75e+00    7.92e-01    7.70e-01    9.91e-01    9.14e-01    6.80e-02    
3.687e+04    7.84e-01    2.39e-01    6.67e-02    4.79e-01    8.84e-10    1.88e+00    8.55e-01    8.29e-01    1.17e+00    1.08e+00    8.04e-02    
3.981e+04    8.64e-01    2.56e-01    7.13e-02    5.37e-01    9.43e-10    2.02e+00    9.17e-01    8.87e-01    1.38e+00    1.28e+00    9.48e-02    
4.299e+04    9.45e-01    2.72e-01    7.56e-02    5.98e-01    9.97e-10    2.14e+00    9.77e-01    9.41e-01    1.63e+00    1.50e+00    1.12e-01    
4.642e+04    1.03e+00    2.86e-01    7.93e-02    6.61e-01    1.05e-09    2.26e+00    1.03e+00    9.90e-01    1.91e+00    1.77e+00    1.31e-01    
5.012e+04    1.10e+00    2.98e-01    8.24e-02    7.24e-01    1.08e-09    2.35e+00    1.08e+00    1.03e+00    2.24e+00    2.06e+00    1.53e-01    
5.412e+04    1.18e+00    3.07e-01    8.47e-02    7.84e-01    1.11e-09    2.42e+00    1.11e+00    1.06e+00    2.60e+00    2.40e+00    1.77e-01    
5.843e+04    1.24e+00    3.14e-01    8.62e-02    8.39e-01    1.13e-09    2.47e+00    1.13e+00    1.08e+00    3.00e+00    2.77e+00    2.04e-01    
6.310e+04    1.29e+00    3.17e-01    8.70e-02    8.85e-01    1.14e-09    2.50e+00    1.15e+00    1.09e+00    3.44e+00    3.18e+00    2.33e-01    
6.813e+04    1.33e+00    3.20e-01    8.75e-02    9.22e-01    1.15e-09    2.52e+00    1.16e+00    1.10e+00    3.92e+00    3.62e+00    2.65e-01    
7.356e+04    1.36e+00    3.20e-01    8.76e-02    9.51e-01    1.15e-09    2.53e+00    1.16e+00    1.10e+00    4.43e+00    4.09e+00    2.99e-01    
7.943e+04    1.38e+00    3.21e-01    8.77e-02    9.71e-01    1.15e-09    2.53e+00    1.16e+00    1.10e+00    4.97e+00    4.60e+00    3.34e-01    
8.577e+04    1.39e+00    3.21e-01    8.77e-02    9.85e-01    1.15e-09    2.53e+00    1.16e+00    1.10e+00    5.55e+00    5.14e+00    3.72e-01    
9.261e+04    1.40e+00    3.21e-01    8.77e-02    9.95e-01    1.15e-09    2.53e+00    1.16e+00    1.10e+00    6.16e+00    5.71e+00    4.11e-01    
1.000e+05    1.41e+00    3.21e-01    8.77e-02    1.00e+00    1.15e-09    2.53e+00    1.16e+00    1.10e+00    6.80e+00    6.30e+00    4.51e-01    
1.080e+05    1.41e+00    3.21e-01    8.77e-02    1.01e+00    1.15e-09    2.53e+00    1.16e+00    1.10e+00    7.46e+00    6.92e+00    4.93e-01    
1.166e+05    1.42e+00    3.21e-01    8.77e-02    1.01e+00    1.15e-09    2.53e+00    1.16e+00    1.10e+00    8.15e+00    7.56e+00    5.35e-01    
1.259e+05    1.42e+00    3.21e-01    8.77e-02    1.01e+00    1.15e-09    2.53e+00    1.16e+00    1.10e+00    8.85e+00    8.21e+00    5.78e-01    
1.359e+05    1.42e+00    3.21e-01    8.77e-02    1.01e+00    1.15e-09    2.53e+00    1.16e+00    1.10e+00    9.55e+00    8.87e+00    6.20e-01    
1.468e+05    1.42e+00    3.21e-01    8.77e-02    1.01e+00    1.15e-09    2.53e+00    1.16e+00    1.10e+00    1.03e+01    9.53e+00    6.61e-01    
1.585e+05    1.42e+00    3.21e-01    8.77e-02    1.01e+00    1.15e-09    2.53e+00    1.16e+00    1.10e+00    1.10e+01    1.02e+01    7.01e-01    
1.711e+05    1.42e+00    3.21e-01    8.77e-02    1.01e+00    1.15e-09    2.53e+00    1.16e+00    1.10e+00    1.16e+01    1.08e+01    7.38e-01    
1.848e+05    1.42e+00    3.21e-01    8.77e-02    1.01e+00    1.15e-09    2.53e+00    1.16e+00    1.10e+00    1.23e+01    1.14e+01    7.73e-01    
1.995e+05    1.42e+00    3.21e-01    8.77e-02    1.01e+00    1.15e-09    2.53e+00    1.16e+00    1.10e+00    1.29e+01    1.20e+01    8.03e-01    
2.154e+05    1.42e+00    3.21e-01    8.77e-02    1.01e+00    1.15e-09    2.53e+00    1.16e+00    1.10e+00    1.34e+01    1.25e+01    8.29e-01    
2.326e+05    1.42e+00    3.21e-01    8.77e-02    1.01e+00    1.15e-09    2.53e+00    1.16e+00    1.10e+00    1.39e+01    1.29e+01    8.51e-01    
2.512e+05    1.42e+00    3.21e-01    8.77e-02    1.01e+00    1.15e-09    2.53e+00    1.16e+00    1.10e+00    1.43e+01    1.33e+01    8.67e-01    
2.712e+05    1.42e+00    3.21e-01    8.77e-02    1.01e+00    1.15e-09    2.53e+00    1.16e+00    1.10e+00    1.46e+01    1.37e+01    8.80e-01    
2.929e+05    1.42e+00    3.21e-01    8.77e-02    1.01e+00    1.15e-09    2.53e+00    1.16e+00    1.10e+00    1.49e+01    1.39e+01    8.89e-01    
3.162e+05    1.42e+00    3.21e-01    8.77e-02    1.01e+00    1.15e-09    2.53e+00    1.16e+00    1.10e+00    1.51e+01    1.42e+01    8.95e-01    
3.415e+05    1.42e+00    3.21e-01    8.77e-02    1.01e+00    1.15e-09    2.53e+00    1.16e+00    1.10e+00    1.53e+01    1.43e+01    8.99e-01    
3.687e+05    1.42e+00    3.21e-01    8.77e-02    1.01e+00    1.15e-09    2.53e+00    1.16e+00    1.10e+00    1.54e+01    1.45e+01    9.01e-01    
3.981e+05    1.42e+00    3.21e-01    8.77e-02    1.01e+00    1.15e-09    2.53e+00    1.16e+00    1.10e+00    1.56e+01    1.46e+01    9.03e-01    
4.299e+05    1.42e+00    3.21e-01    8.77e-02    1.01e+00    1.15e-09    2.53e+00    1.16e+00    1.10e+00    1.56e+01    1.47e+01    9.04e-01    
4.642e+05    1.42e+00    3.21e-01    8.77e-02    1.01e+00    1.15e-09    2.53e+00    1.16e+00    1.10e+00    1.57e+01    1.47e+01    9.04e-01    
5.012e+05    1.42e+00    3.21e-01    8.77e-02    1.01e+00    1.15e-09    2.53e+00    1.16e+00    1.10e+00    1.57e+01    1.48e+01    9.04e-01    
5.412e+05    1.42e+00    3.21e-01    8.77e-02    1.01e+00    1.15e-09    2.53e+00    1.16e+00    1.10e+00    1.58e+01    1.48e+01    9.04e-01    
5.843e+05    1.42e+00    3.21e-01    8.77e-02    1.01e+00    1.15e-09    2.53e+00    1.16e+00    1.10e+00    1.58e+01    1.48e+01    9.05e-01    
6.310e+05    1.42e+00    3.21e-01    8.77e-02    1.01e+00    1.15e-09    2.53e+00    1.16e+00    1.10e+00    1.58e+01    1.49e+01    9.05e-01    
6.813e+05    1.42e+00    3.21e-01    8.77e-02    1.01e+00    1.15e-09    2.53e+00    1.16e+00    1.10e+00    1.58e+01    1.49e+01    9.05e-01    
7.356e+05    1.42e+00    3.21e-01    8.77e-02    1.01e+00    1.15e-09    2.53e+00    1.16e+00    1.10e+00    1.58e+01    1.49e+01    9.05e-01    
7.943e+05    1.42e+00    3.21e-01    8.77e-02    1.01e+00    1.15e-09    2.53e+00    1.16e+00    1.10e+00    1.59e+01    1.49e+01    9.05e-01    
8.577e+05    1.42e+00    3.21e-01    8.77e-02    1.01e+00    1.15e-09    2.53e+00    1.16e+00    1.10e+00    1.59e+01    1.49e+01    9.05e-01    
9.261e+05    1.42e+00    3.21e-01    8.77e-02    1.01e+00    1.15e-09    2.53e+00    1.16e+00    1.10e+00    1.59e+01    1.49e+01    9.05e-01    
1.000e+06    1.42e+00    3.21e-01    8.77e-02    1.01e+00    1.15e-09    2.53e+00    1.16e+00    1.10e+00    1.59e+01    1.49e+01    9.05e-01    
1.080e+06    1.42e+00    3.21e-01    8.77e-02    1.01e+00    1.15e-09    2.53e+00    1.16e+00    1.10e+00    1.59e+01    1.49e+01    9.05e-01    
1.166e+06    1.42e+00    3.21e-01    8.77e-02    1.01e+00    1.15e-09    2.53e+00    1.16e+00    1.10e+00    1.59e+01    1.49e+01    9.05e-01    
1.259e+06    1.42e+00    3.21e-01    8.77e-02    1.01e+00    1.15e-09    2.53e+00    1.16e+00    1.10e+00    1.59e+01    1.49e+01    9.05e-01    
1.359e+06    1.42e+00    3.21e-01    8.77e-02    1.01e+00    1.15e-09    2.53e+00    1.16e+00    1.10e+00    1.59e+01    1.49e+01    9.05e-01    
1.468e+06    1.42e+00    3.21e-01    8.77e-02    1.01e+00    1.15e-09    2.53e+00    1.16e+00    1.10e+00    1.59e+01    1.49e+01    9.05e-01    
1.585e+06    1.42e+00    3.21e-01    8.77e-02    1.01e+00    1.15e-09    2.53e+00    1.16e+00    1.10e+00    1.59e+01    1.49e+01    9.05e-01    
1.711e+06    1.42e+00    3.21e-01    8.77e-02    1.01e+00    1.15e-09    2.53e+00    1.16e+00    1.10e+00    1.59e+01    1.49e+01    9.05e-01    
1.848e+06    1.42e+00    3.21e-01    8.77e-02    1.01e+00    1.15e-09    2.53e+00    1.16e+00    1.10e+00    1.59e+01    1.49e+01    9.05e-01    
1.995e+06    1.42e+00    3.21e-01    8.77e-02    1.01e+00    1.15e-09    2.53e+00    1.16e+00    1.10e+00    1.59e+01    1.49e+01    9.05e-01    
2.154e+06    1.42e+00    3.21e-01    8.77e-02    1.01e+00    1.15e-09    2.53e+00    1.16e+00    1.10e+00    1.59e+01    1.49e+01    9.05e-01    
2.326e+06    1.42e+00    3.21e-01    8.77e-02    1.01e+00    1.15e-09    2.53e+00    1.16e+00    1.10e+00    1.59e+01    1.49e+01    9.05e-01    
2.512e+06    1.42e+00    3.21e-01    8.77e-02    1.01e+00    1.15e-09    2.53e+00    1.16e+00    1.10e+00    1.59e+01    1.49e+01    9.05e-01    
2.712e+06    1.42e+00    3.21e-01    8.77e-02    1.01e+00    1.15e-09    2.53e+00    1.16e+00    1.10e+00    1.59e+01    1.49e+01    9.05e-01    
2.929e+06    1.42e+00    3.21e-01    8.77e-02    1.01e+00    1.15e-09    2.53e+00    1.16e+00    1.10e+00    1.59e+01    1.49e+01    9.05e-01    
3.162e+06    1.42e+00    3.21e-01    8.77e-02    1.01e+00    1.15e-09    2.53e+00    1.16e+00    1.10e+00    1.59e+01    1.49e+01    9.05e-01    
3.415e+06    1.42e+00    3.21e-01    8.77e-02    1.01e+00    1.15e-09    2.53e+00    1.16e+00    1.10e+00    1.59e+01    1.49e+01    9.05e-01    
3.687e+06    1.42e+00    3.21e-01    8.77e-02    1.01e+00    1.15e-09    2.53e+00    1.16e+00    1.10e+00    1.59e+01    1.49e+01    9.05e-01    
3.981e+06    1.42e+00    3.21e-01    8.77e-02    1.01e+00    1.15e-09    2.53e+00    1.16e+00    1.10e+00    1.59e+01    1.49e+01    9.05e-01    
4.299e+06    1.42e+00    3.21e-01    8.77e-02    1.01e+00    1.15e-09    2.53e+00    1.16e+00    1.10e+00    1.59e+01    1.49e+01    9.05e-01    
4.642e+06    1.42e+00    3.21e-01    8.77e-02    1.01e+00    1.15e-09    2.53e+00    1.16e+00    1.10e+00    1.59e+01    1.49e+01    9.05e-01    
5.012e+06    1.42e+00    3.21e-01    8.77e-02    1.01e+00    1.15e-09    2.53e+00    1.16e+00    1.10e+00    1.59e+01    1.49e+01    9.05e-01    
5.412e+06    1.42e+00    3.21e-01    8.77e-02    1.01e+00    1.15e-09    2.53e+00    1.16e+00    1.10e+00    1.59e+01    1.49e+01    9.05e-01    
5.843e+06    1.42e+00    3.21e-01    8.77e-02    1.01e+00    1.15e-09    2.53e+00    1.16e+00    1.10e+00    1.59e+01    1.49e+01    9.05e-01    
6.310e+06    1.42e+00    3.21e-01    8.77e-02    1.01e+00    1.15e-09    2.53e+00    1.16e+00    1.10e+00    1.59e+01    1.49e+01    9.05e-01    
6.813e+06    1.42e+00    3.21e-01    8.77e-02    1.01e+00    1.15e-09    2.53e+00    1.16e+00    1.10e+00    1.59e+01    1.49e+01    9.05e-01    
7.356e+06    1.42e+00    3.21e-01    8.77e-02    1.01e+00    1.15e-09    2.53e+00    1.16e+00    1.10e+00    1.59e+01    1.49e+01    9.05e-01    
7.943e+06    1.42e+00    3.21e-01    8.77e-02    1.01e+00    1.15e-09    2.53e+00    1.16e+00    1.10e+00    1.59e+01    1.49e+01    9.05e-01    
8.577e+06    1.42e+00    3.21e-01    8.77e-02    1.01e+00    1.15e-09    2.53e+00    1.16e+00    1.10e+00    1.59e+01    1.49e+01    9.05e-01    
9.261e+06    1.42e+00    3.21e-01    8.77e-02    1.01e+00    1.15e-09    2.53e+00    1.16e+00    1.10e+00    1.59e+01    1.49e+01    9.05e-01    
1.000e+07    1.42e+00    3.21e-01    8.77e-02    1.01e+00    1.15e-09    2.53e+00    1.16e+00    1.10e+00    1.59e+01    1.49e+01    9.05e-01    
1.080e+07    1.42e+00    3.21e-01    8.77e-02    1.01e+00    1.15e-09    2.53e+00    1.16e+00    1.10e+00    1.59e+01    1.49e+01    9.05e-01    
1.166e+07    1.42e+00    3.21e-01    8.77e-02    1.01e+00    1.15e-09    2.53e+00    1.16e+00    1.10e+00    1.59e+01    1.49e+01    9.05e-01    
1.259e+07    1.42e+00    3.21e-01    8.77e-02    1.01e+00    1.15e-09    2.53e+00    1.16e+00    1.10e+00    1.59e+01    1.49e+01    9.05e-01    
1.359e+07    1.42e+00    3.21e-01    8.77e-02    1.01e+00    1.15e-09    2.53e+00    1.16e+00    1.10e+00    1.59e+01    1.49e+01    9.05e-01    
1.468e+07    1.42e+00    3.21e-01    8.77e-02    1.01e+00    1.15e-09    2.53e+00    1.16e+00    1.10e+00    1.59e+01    1.49e+01    9.05e-01    
1.585e+07    1.42e+00    3.21e-01    8.77e-02    1.01e+00    1.15e-09    2.53e+00    1.16e+00    1.10e+00    1.59e+01    1.49e+01    9.05e-01    
1.711e+07    1.42e+00    3.21e-01    8.77e-02    1.01e+00    1.15e-09    2.53e+00    1.16e+00    1.10e+00    1.59e+01    1.49e+01    9.05e-01    
1.848e+07    1.42e+00    3.21e-01    8.77e-02    1.01e+00    1.15e-09    2.53e+00    1.16e+00    1.10e+00    1.59e+01    1.49e+01    9.05e-01    
1.995e+07    1.42e+00    3.21e-01    8.77e-02    1.01e+00    1.15e-09    2.53e+00    1.16e+00    1.10e+00    1.59e+01    1.49e+01    9.05e-01    
2.154e+07    1.42e+00    3.21e-01    8.77e-02    1.01e+00    1.15e-09    2.53e+00    1.16e+00    1.10e+00    1.59e+01    1.49e+01    9.05e-01    
2.326e+07    1.42e+00    3.21e-01    8.77e-02    1.01e+00    1.15e-09    2.53e+00    1.16e+00    1.10e+00    1.59e+01    1.49e+01    9.05e-01    
2.512e+07    1.42e+00    3.21e-01    8.77e-02    1.01e+00    1.15e-09    2.53e+00    1.16e+00    1.10e+00    1.59e+01    1.49e+01    9.05e-01    
2.712e+07    1.42e+00    3.21e-01    8.77e-02    1.01e+00    1.15e-09    2.53e+00    1.16e+00    1.10e+00    1.59e+01    1.49e+01    9.05e-01    
2.929e+07    1.42e+00    3.21e-01    8.77e-02    1.01e+00    1.15e-09    2.53e+00    1.16e+00    1.10e+00    1.59e+01    1.49e+01    9.05e-01    
3.162e+07    1.42e+00    3.21e-01    8.77e-02    1.01e+00    1.15e-09    2.53e+00    1.16e+00    1.10e+00    1.59e+01    1.49e+01    9.05e-01    
3.415e+07    1.42e+00    3.21e-01    8.77e-02    1.01e+00    1.15e-09    2.53e+00    1.16e+00    1.10e+00    1.59e+01    1.49e+01    9.05e-01    
3.687e+07    1.42e+00    3.21e-01    8.77e-02    1.01e+00    1.15e-09    2.53e+00    1.16e+00    1.10e+00    1.59e+01    1.49e+01    9.05e-01    
3.981e+07    1.42e+00    3.21e-01    8.77e-02    1.01e+00    1.15e-09    2.53e+00    1.16e+00    1.10e+00    1.59e+01    1.49e+01    9.05e-01    
4.299e+07    1.42e+00    3.21e-01    8.77e-02    1.01e+00    1.15e-09    2.53e+00    1.16e+00    1.10e+00    1.59e+01    1.49e+01    9.05e-01    
4.642e+07    1.42e+00    3.21e-01    8.77e-02    1.01e+00    1.15e-09    2.53e+00    1.16e+00    1.10e+00    1.59e+01    1.49e+01    9.05e-01    
5.012e+07    1.42e+00    3.21e-01    8.77e-02    1.01e+00    1.15e-09    2.53e+00    1.16e+00    1.10e+00    1.59e+01    1.49e+01    9.05e-01    
5.412e+07    1.42e+00    3.21e-01    8.77e-02    1.01e+00    1.15e-09    2.53e+00    1.16e+00    1.10e+00    1.59e+01    1.49e+01    9.05e-01    
5.843e+07    1.42e+00    3.21e-01    8.77e-02    1.01e+00    1.15e-09    2.53e+00    1.16e+00    1.10e+00    1.59e+01    1.49e+01    9.05e-01    
6.310e+07    1.42e+00    3.21e-01    8.77e-02    1.01e+00    1.15e-09    2.53e+00    1.16e+00    1.10e+00    1.59e+01    1.49e+01    9.05e-01    
6.813e+07    1.42e+00    3.21e-01    8.77e-02    1.01e+00    1.15e-09    2.53e+00    1.16e+00    1.10e+00    1.59e+01    1.49e+01    9.05e-01    
7.356e+07    1.42e+00    3.21e-01    8.77e-02    1.01e+00    1.15e-09    2.53e+00    1.16e+00    1.10e+00    1.59e+01    1.49e+01    9.05e-01    
7.943e+07    1.42e+00    3.21e-01    8.77e-02    1.01e+00    1.15e-09    2.53e+00    1.16e+00    1.10e+00    1.59e+01    1.49e+01    9.05e-01    
8.577e+07    1.42e+00    3.21e-01    8.77e-02    1.01e+00    1.15e-09    2.53e+00    1.16e+00    1.10e+00    1.59e+01    1.49e+01    9.05e-01    
9.261e+07    1.42e+00    3.21e-01    8.77e-02    1.01e+00    1.15e-09    2.53e+00    1.16e+00    1.10e+00    1.59e+01    1.49e+01    9.05e-01    
1.000e+08    1.42e+00    3.21e-01    8.77e-02    1.01e+00    1.15e-09    2.53e+00    1.16e+00    1.10e+00    1.59e+01    1.49e+01    9.05e-01    
