!Evolution of population densities [cm-3] of vibrational states of H2,
!first row - distance from the GRB source to cloud layer centre [pc], H column density from the cloud boundary to layer centre [cm-2], H nuclei concentration [cm-3], nb of times, number of vibr states,
!second row - summed value, v state nb,
! 1.006521e+02   2.012500e+22   1.000000e+04   79     15     
!time(s)     sum          0           1           2           3           4           5           6           7           8           9           10          11          12          13          14          
0.0000e+00   5.000e+03    5.000e+03   1.000e-99   1.000e-99   1.000e-99   1.000e-99   1.000e-99   1.000e-99   1.000e-99   1.000e-99   1.000e-99   1.000e-99   1.000e-99   1.000e-99   1.000e-99   1.000e-99   
1.0000e+02   5.000e+03    5.000e+03   1.421e-03   1.214e-03   1.265e-03   1.204e-03   1.202e-03   1.047e-03   8.389e-04   7.419e-04   6.437e-04   5.618e-04   5.191e-04   4.848e-04   4.254e-04   2.628e-04   
1.0798e+02   5.000e+03    5.000e+03   1.535e-03   1.311e-03   1.366e-03   1.300e-03   1.298e-03   1.131e-03   9.061e-04   8.013e-04   6.952e-04   6.067e-04   5.606e-04   5.236e-04   4.595e-04   2.838e-04   
1.1659e+02   5.000e+03    5.000e+03   1.659e-03   1.416e-03   1.475e-03   1.404e-03   1.402e-03   1.221e-03   9.786e-04   8.654e-04   7.509e-04   6.553e-04   6.055e-04   5.655e-04   4.962e-04   3.065e-04   
1.2589e+02   5.000e+03    5.000e+03   1.793e-03   1.530e-03   1.593e-03   1.517e-03   1.514e-03   1.319e-03   1.057e-03   9.347e-04   8.110e-04   7.077e-04   6.539e-04   6.108e-04   5.360e-04   3.311e-04   
1.3594e+02   5.000e+03    5.000e+03   1.939e-03   1.652e-03   1.721e-03   1.638e-03   1.635e-03   1.425e-03   1.142e-03   1.010e-03   8.759e-04   7.644e-04   7.063e-04   6.597e-04   5.789e-04   3.576e-04   
1.4678e+02   5.000e+03    5.000e+03   2.096e-03   1.785e-03   1.859e-03   1.769e-03   1.766e-03   1.539e-03   1.233e-03   1.090e-03   9.460e-04   8.256e-04   7.629e-04   7.125e-04   6.253e-04   3.862e-04   
1.5849e+02   5.000e+03    5.000e+03   2.266e-03   1.928e-03   2.008e-03   1.911e-03   1.908e-03   1.662e-03   1.332e-03   1.178e-03   1.022e-03   8.917e-04   8.240e-04   7.696e-04   6.754e-04   4.172e-04   
1.7113e+02   5.000e+03    5.000e+03   2.450e-03   2.083e-03   2.168e-03   2.064e-03   2.060e-03   1.795e-03   1.439e-03   1.272e-03   1.104e-03   9.632e-04   8.900e-04   8.313e-04   7.295e-04   4.506e-04   
1.8478e+02   5.000e+03    5.000e+03   2.649e-03   2.250e-03   2.342e-03   2.230e-03   2.226e-03   1.939e-03   1.554e-03   1.374e-03   1.192e-03   1.040e-03   9.614e-04   8.979e-04   7.880e-04   4.867e-04   
1.9953e+02   5.000e+03    5.000e+03   2.865e-03   2.431e-03   2.530e-03   2.409e-03   2.404e-03   2.095e-03   1.678e-03   1.484e-03   1.288e-03   1.124e-03   1.038e-03   9.700e-04   8.512e-04   5.258e-04   
2.1544e+02   5.000e+03    5.000e+03   3.099e-03   2.626e-03   2.733e-03   2.602e-03   2.597e-03   2.263e-03   1.813e-03   1.604e-03   1.391e-03   1.214e-03   1.122e-03   1.048e-03   9.195e-04   5.680e-04   
2.3263e+02   5.000e+03    5.000e+03   3.352e-03   2.838e-03   2.953e-03   2.811e-03   2.806e-03   2.444e-03   1.959e-03   1.732e-03   1.503e-03   1.311e-03   1.212e-03   1.132e-03   9.934e-04   6.136e-04   
2.5119e+02   5.000e+03    5.000e+03   3.627e-03   3.066e-03   3.190e-03   3.037e-03   3.031e-03   2.641e-03   2.116e-03   1.871e-03   1.624e-03   1.417e-03   1.309e-03   1.223e-03   1.073e-03   6.629e-04   
2.7123e+02   5.000e+03    5.000e+03   3.924e-03   3.313e-03   3.447e-03   3.281e-03   3.274e-03   2.853e-03   2.286e-03   2.022e-03   1.754e-03   1.531e-03   1.414e-03   1.321e-03   1.159e-03   7.161e-04   
2.9286e+02   5.000e+03    5.000e+03   4.247e-03   3.580e-03   3.724e-03   3.545e-03   3.538e-03   3.082e-03   2.470e-03   2.184e-03   1.895e-03   1.654e-03   1.528e-03   1.427e-03   1.253e-03   7.737e-04   
3.1623e+02   5.000e+03    5.000e+03   4.597e-03   3.869e-03   4.024e-03   3.830e-03   3.822e-03   3.330e-03   2.669e-03   2.360e-03   2.047e-03   1.787e-03   1.651e-03   1.542e-03   1.353e-03   8.360e-04   
3.4145e+02   5.000e+03    5.000e+03   4.977e-03   4.181e-03   4.348e-03   4.138e-03   4.130e-03   3.598e-03   2.884e-03   2.550e-03   2.212e-03   1.930e-03   1.784e-03   1.666e-03   1.462e-03   9.033e-04   
3.6869e+02   5.000e+03    5.000e+03   5.390e-03   4.519e-03   4.698e-03   4.472e-03   4.463e-03   3.888e-03   3.116e-03   2.755e-03   2.390e-03   2.086e-03   1.928e-03   1.801e-03   1.580e-03   9.761e-04   
3.9811e+02   5.000e+03    5.000e+03   5.837e-03   4.884e-03   5.078e-03   4.833e-03   4.823e-03   4.202e-03   3.367e-03   2.978e-03   2.583e-03   2.254e-03   2.083e-03   1.946e-03   1.708e-03   1.055e-03   
4.2987e+02   5.000e+03    5.000e+03   6.324e-03   5.280e-03   5.488e-03   5.223e-03   5.212e-03   4.541e-03   3.639e-03   3.218e-03   2.792e-03   2.436e-03   2.251e-03   2.103e-03   1.846e-03   1.140e-03   
4.6416e+02   5.000e+03    5.000e+03   6.853e-03   5.708e-03   5.931e-03   5.645e-03   5.633e-03   4.907e-03   3.933e-03   3.478e-03   3.017e-03   2.633e-03   2.433e-03   2.273e-03   1.995e-03   1.232e-03   
5.0119e+02   5.000e+03    5.000e+03   7.429e-03   6.171e-03   6.411e-03   6.101e-03   6.088e-03   5.304e-03   4.251e-03   3.759e-03   3.261e-03   2.845e-03   2.629e-03   2.456e-03   2.156e-03   1.332e-03   
5.4117e+02   5.000e+03    5.000e+03   8.055e-03   6.673e-03   6.930e-03   6.595e-03   6.581e-03   5.733e-03   4.595e-03   4.063e-03   3.525e-03   3.075e-03   2.842e-03   2.655e-03   2.331e-03   1.440e-03   
5.8434e+02   5.000e+03    5.000e+03   8.736e-03   7.216e-03   7.492e-03   7.130e-03   7.114e-03   6.198e-03   4.967e-03   4.392e-03   3.810e-03   3.324e-03   3.072e-03   2.870e-03   2.519e-03   1.556e-03   
6.3096e+02   5.000e+03    5.000e+03   9.479e-03   7.804e-03   8.100e-03   7.708e-03   7.691e-03   6.700e-03   5.370e-03   4.749e-03   4.119e-03   3.594e-03   3.321e-03   3.103e-03   2.724e-03   1.682e-03   
6.8129e+02   5.000e+03    5.000e+03   1.029e-02   8.441e-03   8.759e-03   8.335e-03   8.316e-03   7.244e-03   5.806e-03   5.134e-03   4.454e-03   3.886e-03   3.591e-03   3.355e-03   2.945e-03   1.819e-03   
7.3564e+02   5.000e+03    5.000e+03   1.117e-02   9.131e-03   9.472e-03   9.013e-03   8.992e-03   7.833e-03   6.278e-03   5.552e-03   4.816e-03   4.201e-03   3.883e-03   3.628e-03   3.185e-03   1.967e-03   
7.9433e+02   5.000e+03    5.000e+03   1.213e-02   9.880e-03   1.024e-02   9.747e-03   9.724e-03   8.471e-03   6.790e-03   6.004e-03   5.208e-03   4.543e-03   4.199e-03   3.923e-03   3.444e-03   2.127e-03   
8.5770e+02   5.000e+03    5.000e+03   1.319e-02   1.069e-02   1.108e-02   1.054e-02   1.052e-02   9.162e-03   7.343e-03   6.493e-03   5.632e-03   4.914e-03   4.541e-03   4.243e-03   3.725e-03   2.301e-03   
9.2612e+02   5.000e+03    5.000e+03   1.434e-02   1.157e-02   1.199e-02   1.140e-02   1.138e-02   9.910e-03   7.943e-03   7.024e-03   6.092e-03   5.315e-03   4.912e-03   4.590e-03   4.030e-03   2.489e-03   
1.0000e+03   5.000e+03    5.000e+03   1.560e-02   1.252e-02   1.297e-02   1.234e-02   1.231e-02   1.072e-02   8.594e-03   7.598e-03   6.590e-03   5.749e-03   5.313e-03   4.966e-03   4.360e-03   2.693e-03   
1.0798e+03   5.000e+03    5.000e+03   1.698e-02   1.356e-02   1.404e-02   1.335e-02   1.332e-02   1.160e-02   9.298e-03   8.221e-03   7.130e-03   6.220e-03   5.749e-03   5.373e-03   4.717e-03   2.914e-03   
1.1659e+03   5.000e+03    5.000e+03   1.849e-02   1.468e-02   1.519e-02   1.445e-02   1.441e-02   1.255e-02   1.006e-02   8.896e-03   7.716e-03   6.731e-03   6.221e-03   5.814e-03   5.105e-03   3.154e-03   
1.2589e+03   5.000e+03    5.000e+03   2.015e-02   1.591e-02   1.644e-02   1.564e-02   1.560e-02   1.359e-02   1.089e-02   9.629e-03   8.351e-03   7.284e-03   6.732e-03   6.293e-03   5.526e-03   3.413e-03   
1.3594e+03   5.000e+03    4.999e+03   2.197e-02   1.723e-02   1.780e-02   1.693e-02   1.688e-02   1.471e-02   1.179e-02   1.042e-02   9.039e-03   7.885e-03   7.287e-03   6.812e-03   5.982e-03   3.695e-03   
1.4678e+03   5.000e+03    4.999e+03   2.397e-02   1.867e-02   1.928e-02   1.833e-02   1.828e-02   1.592e-02   1.276e-02   1.128e-02   9.786e-03   8.536e-03   7.889e-03   7.375e-03   6.477e-03   4.001e-03   
1.5849e+03   5.000e+03    4.999e+03   2.618e-02   2.024e-02   2.088e-02   1.985e-02   1.979e-02   1.724e-02   1.382e-02   1.222e-02   1.060e-02   9.243e-03   8.543e-03   7.987e-03   7.014e-03   4.333e-03   
1.7113e+03   5.000e+03    4.999e+03   2.862e-02   2.194e-02   2.262e-02   2.151e-02   2.144e-02   1.867e-02   1.497e-02   1.324e-02   1.148e-02   1.001e-02   9.252e-03   8.651e-03   7.598e-03   4.694e-03   
1.8478e+03   5.000e+03    4.999e+03   3.130e-02   2.380e-02   2.451e-02   2.330e-02   2.323e-02   2.023e-02   1.622e-02   1.434e-02   1.243e-02   1.084e-02   1.002e-02   9.372e-03   8.232e-03   5.085e-03   
1.9953e+03   4.999e+03    4.999e+03   3.427e-02   2.582e-02   2.657e-02   2.525e-02   2.517e-02   2.192e-02   1.758e-02   1.554e-02   1.347e-02   1.175e-02   1.086e-02   1.016e-02   8.921e-03   5.511e-03   
2.1544e+03   4.999e+03    4.999e+03   3.756e-02   2.802e-02   2.880e-02   2.738e-02   2.728e-02   2.376e-02   1.905e-02   1.684e-02   1.460e-02   1.273e-02   1.177e-02   1.101e-02   9.670e-03   5.974e-03   
2.3263e+03   4.999e+03    4.999e+03   4.120e-02   3.042e-02   3.124e-02   2.968e-02   2.958e-02   2.576e-02   2.066e-02   1.826e-02   1.583e-02   1.380e-02   1.276e-02   1.193e-02   1.048e-02   6.477e-03   
2.5119e+03   4.999e+03    4.999e+03   4.524e-02   3.304e-02   3.388e-02   3.219e-02   3.207e-02   2.793e-02   2.240e-02   1.980e-02   1.716e-02   1.496e-02   1.383e-02   1.294e-02   1.137e-02   7.025e-03   
2.7123e+03   4.999e+03    4.999e+03   4.974e-02   3.589e-02   3.677e-02   3.493e-02   3.479e-02   3.030e-02   2.430e-02   2.148e-02   1.862e-02   1.623e-02   1.500e-02   1.404e-02   1.234e-02   7.621e-03   
2.9286e+03   4.999e+03    4.999e+03   5.475e-02   3.901e-02   3.991e-02   3.790e-02   3.775e-02   3.288e-02   2.637e-02   2.330e-02   2.020e-02   1.761e-02   1.628e-02   1.523e-02   1.339e-02   8.271e-03   
3.1623e+03   4.999e+03    4.999e+03   6.034e-02   4.242e-02   4.333e-02   4.115e-02   4.098e-02   3.568e-02   2.862e-02   2.529e-02   2.192e-02   1.911e-02   1.766e-02   1.653e-02   1.453e-02   8.978e-03   
3.4145e+03   4.999e+03    4.999e+03   6.658e-02   4.615e-02   4.707e-02   4.469e-02   4.449e-02   3.874e-02   3.107e-02   2.746e-02   2.380e-02   2.074e-02   1.917e-02   1.795e-02   1.578e-02   9.749e-03   
3.6869e+03   4.999e+03    4.998e+03   7.357e-02   5.023e-02   5.114e-02   4.854e-02   4.832e-02   4.208e-02   3.375e-02   2.982e-02   2.584e-02   2.252e-02   2.082e-02   1.949e-02   1.714e-02   1.059e-02   
3.9811e+03   4.999e+03    4.998e+03   8.141e-02   5.471e-02   5.559e-02   5.275e-02   5.250e-02   4.571e-02   3.667e-02   3.240e-02   2.807e-02   2.446e-02   2.262e-02   2.118e-02   1.862e-02   1.151e-02   
4.2987e+03   4.999e+03    4.998e+03   9.022e-02   5.961e-02   6.045e-02   5.735e-02   5.706e-02   4.968e-02   3.986e-02   3.521e-02   3.051e-02   2.658e-02   2.458e-02   2.301e-02   2.024e-02   1.251e-02   
4.6416e+03   4.999e+03    4.998e+03   1.001e-01   6.498e-02   6.576e-02   6.237e-02   6.204e-02   5.402e-02   4.334e-02   3.828e-02   3.316e-02   2.889e-02   2.671e-02   2.502e-02   2.201e-02   1.360e-02   
5.0119e+03   4.999e+03    4.998e+03   1.113e-01   7.088e-02   7.157e-02   6.786e-02   6.748e-02   5.875e-02   4.714e-02   4.164e-02   3.606e-02   3.141e-02   2.905e-02   2.721e-02   2.394e-02   1.480e-02   
5.4117e+03   4.998e+03    4.998e+03   1.240e-01   7.737e-02   7.792e-02   7.386e-02   7.343e-02   6.392e-02   5.130e-02   4.530e-02   3.923e-02   3.417e-02   3.159e-02   2.961e-02   2.605e-02   1.610e-02   
5.8434e+03   4.998e+03    4.997e+03   1.383e-01   8.450e-02   8.487e-02   8.042e-02   7.993e-02   6.958e-02   5.584e-02   4.931e-02   4.270e-02   3.718e-02   3.438e-02   3.222e-02   2.836e-02   1.753e-02   
6.3096e+03   4.998e+03    4.997e+03   1.545e-01   9.235e-02   9.249e-02   8.761e-02   8.704e-02   7.576e-02   6.081e-02   5.369e-02   4.648e-02   4.046e-02   3.742e-02   3.508e-02   3.089e-02   1.910e-02   
6.8129e+03   4.998e+03    4.997e+03   1.730e-01   1.010e-01   1.008e-01   9.548e-02   9.482e-02   8.253e-02   6.625e-02   5.849e-02   5.062e-02   4.406e-02   4.075e-02   3.821e-02   3.365e-02   2.081e-02   
7.3564e+03   4.998e+03    4.997e+03   1.940e-01   1.105e-01   1.100e-01   1.041e-01   1.033e-01   8.993e-02   7.220e-02   6.373e-02   5.515e-02   4.799e-02   4.438e-02   4.163e-02   3.667e-02   2.268e-02   
7.9433e+03   4.998e+03    4.996e+03   2.180e-01   1.211e-01   1.200e-01   1.135e-01   1.127e-01   9.804e-02   7.872e-02   6.948e-02   6.011e-02   5.229e-02   4.836e-02   4.538e-02   3.998e-02   2.473e-02   
8.5770e+03   4.997e+03    4.996e+03   2.454e-01   1.327e-01   1.310e-01   1.239e-01   1.229e-01   1.069e-01   8.586e-02   7.577e-02   6.553e-02   5.699e-02   5.271e-02   4.947e-02   4.361e-02   2.698e-02   
9.2612e+03   4.997e+03    4.996e+03   2.768e-01   1.455e-01   1.431e-01   1.352e-01   1.341e-01   1.166e-01   9.368e-02   8.266e-02   7.147e-02   6.214e-02   5.747e-02   5.396e-02   4.758e-02   2.944e-02   
1.0000e+04   4.997e+03    4.995e+03   3.129e-01   1.598e-01   1.564e-01   1.477e-01   1.463e-01   1.273e-01   1.022e-01   9.020e-02   7.798e-02   6.777e-02   6.268e-02   5.887e-02   5.193e-02   3.214e-02   
1.0798e+04   4.997e+03    4.995e+03   3.544e-01   1.755e-01   1.710e-01   1.613e-01   1.598e-01   1.390e-01   1.116e-01   9.847e-02   8.509e-02   7.393e-02   6.837e-02   6.425e-02   5.669e-02   3.509e-02   
1.1659e+04   4.996e+03    4.994e+03   4.022e-01   1.929e-01   1.870e-01   1.763e-01   1.745e-01   1.518e-01   1.219e-01   1.075e-01   9.289e-02   8.067e-02   7.461e-02   7.013e-02   6.191e-02   3.833e-02   
1.2589e+04   4.996e+03    4.994e+03   4.574e-01   2.123e-01   2.046e-01   1.928e-01   1.907e-01   1.658e-01   1.332e-01   1.174e-01   1.014e-01   8.804e-02   8.142e-02   7.657e-02   6.762e-02   4.189e-02   
1.3594e+04   4.996e+03    4.993e+03   5.212e-01   2.338e-01   2.239e-01   2.108e-01   2.084e-01   1.812e-01   1.456e-01   1.283e-01   1.108e-01   9.610e-02   8.888e-02   8.362e-02   7.388e-02   4.578e-02   
1.4678e+04   4.995e+03    4.993e+03   5.951e-01   2.577e-01   2.451e-01   2.306e-01   2.278e-01   1.980e-01   1.591e-01   1.402e-01   1.210e-01   1.049e-01   9.702e-02   9.133e-02   8.073e-02   5.004e-02   
1.5849e+04   4.995e+03    4.992e+03   6.809e-01   2.843e-01   2.685e-01   2.524e-01   2.491e-01   2.165e-01   1.740e-01   1.533e-01   1.322e-01   1.145e-01   1.059e-01   9.976e-02   8.824e-02   5.472e-02   
1.7113e+04   4.994e+03    4.991e+03   7.805e-01   3.139e-01   2.942e-01   2.762e-01   2.724e-01   2.367e-01   1.903e-01   1.675e-01   1.444e-01   1.251e-01   1.156e-01   1.090e-01   9.644e-02   5.984e-02   
1.8478e+04   4.994e+03    4.990e+03   8.964e-01   3.468e-01   3.225e-01   3.024e-01   2.980e-01   2.589e-01   2.081e-01   1.832e-01   1.578e-01   1.366e-01   1.263e-01   1.190e-01   1.054e-01   6.544e-02   
1.9953e+04   4.993e+03    4.989e+03   1.032e+00   3.836e-01   3.535e-01   3.311e-01   3.260e-01   2.831e-01   2.276e-01   2.003e-01   1.724e-01   1.491e-01   1.378e-01   1.300e-01   1.152e-01   7.158e-02   
2.1544e+04   4.992e+03    4.988e+03   1.189e+00   4.247e-01   3.877e-01   3.626e-01   3.566e-01   3.097e-01   2.490e-01   2.190e-01   1.883e-01   1.628e-01   1.504e-01   1.420e-01   1.260e-01   7.829e-02   
2.3263e+04   4.991e+03    4.987e+03   1.373e+00   4.706e-01   4.253e-01   3.972e-01   3.902e-01   3.387e-01   2.723e-01   2.394e-01   2.058e-01   1.777e-01   1.642e-01   1.551e-01   1.377e-01   8.563e-02   
2.5119e+04   4.991e+03    4.985e+03   1.588e+00   5.220e-01   4.666e-01   4.351e-01   4.269e-01   3.704e-01   2.979e-01   2.617e-01   2.247e-01   1.939e-01   1.791e-01   1.693e-01   1.504e-01   9.365e-02   
2.7123e+04   4.990e+03    4.984e+03   1.840e+00   5.795e-01   5.120e-01   4.766e-01   4.671e-01   4.052e-01   3.258e-01   2.861e-01   2.454e-01   2.115e-01   1.954e-01   1.848e-01   1.643e-01   1.024e-01   
2.9286e+04   4.989e+03    4.982e+03   2.135e+00   6.440e-01   5.619e-01   5.221e-01   5.110e-01   4.430e-01   3.563e-01   3.126e-01   2.679e-01   2.307e-01   2.130e-01   2.016e-01   1.795e-01   1.120e-01   
3.1623e+04   4.988e+03    4.980e+03   2.481e+00   7.163e-01   6.167e-01   5.719e-01   5.590e-01   4.844e-01   3.895e-01   3.416e-01   2.924e-01   2.514e-01   2.321e-01   2.199e-01   1.960e-01   1.224e-01   
3.4145e+04   4.986e+03    4.978e+03   2.886e+00   7.976e-01   6.770e-01   6.264e-01   6.113e-01   5.294e-01   4.257e-01   3.730e-01   3.190e-01   2.739e-01   2.527e-01   2.397e-01   2.138e-01   1.337e-01   
3.6869e+04   4.985e+03    4.976e+03   3.362e+00   8.888e-01   7.430e-01   6.859e-01   6.682e-01   5.784e-01   4.651e-01   4.072e-01   3.477e-01   2.982e-01   2.750e-01   2.610e-01   2.332e-01   1.461e-01   
