!Number of dissociations up to a given time [cm-3],
!tot_int(H2) - integrated amount of H2 dissociated [cm-3],
!sol_int  - dissociation following excitation to the singlet states (analogous to Solomon) [cm-3], 
!de_s_int - dissociative excitation of H2 via singlet states,
!de_t_int - total excitation of H2 to triplet states (including b3su),
!eexc_t_int - excitation to triplet H2 electronic states a3sg, c3Pu, d3Pu;
!H nuclei concentration [cm-3], nb of times,
! 2.000000e+04   78     
!time(s)     tot_int(H2) sol_int     de_s_int    de_t_int    exc_t_int   
0.000e+00    0.00e+00    0.00e+00    0.00e+00    0.00e+00    0.00e+00    
1.000e+01    5.71e-05    4.47e-05    1.24e-05    8.08e-08    3.05e-08    
1.080e+01    6.17e-05    4.83e-05    1.34e-05    9.27e-08    3.47e-08    
1.166e+01    6.67e-05    5.21e-05    1.45e-05    1.06e-07    3.96e-08    
1.259e+01    7.21e-05    5.63e-05    1.56e-05    1.22e-07    4.52e-08    
1.359e+01    7.79e-05    6.09e-05    1.69e-05    1.41e-07    5.17e-08    
1.468e+01    8.41e-05    6.58e-05    1.82e-05    1.62e-07    5.91e-08    
1.585e+01    9.09e-05    7.10e-05    1.97e-05    1.87e-07    6.77e-08    
1.711e+01    9.82e-05    7.68e-05    2.13e-05    2.15e-07    7.77e-08    
1.848e+01    1.06e-04    8.29e-05    2.30e-05    2.48e-07    8.91e-08    
1.995e+01    1.15e-04    8.96e-05    2.48e-05    2.86e-07    1.02e-07    
2.154e+01    1.24e-04    9.68e-05    2.68e-05    3.31e-07    1.18e-07    
2.326e+01    1.34e-04    1.05e-04    2.90e-05    3.83e-07    1.36e-07    
2.512e+01    1.45e-04    1.13e-04    3.13e-05    4.42e-07    1.56e-07    
2.712e+01    1.56e-04    1.22e-04    3.38e-05    5.12e-07    1.80e-07    
2.929e+01    1.69e-04    1.32e-04    3.65e-05    5.93e-07    2.08e-07    
3.162e+01    1.82e-04    1.42e-04    3.94e-05    6.87e-07    2.40e-07    
3.415e+01    1.97e-04    1.54e-04    4.26e-05    7.96e-07    2.77e-07    
3.687e+01    2.13e-04    1.66e-04    4.60e-05    9.23e-07    3.20e-07    
3.981e+01    2.30e-04    1.79e-04    4.97e-05    1.07e-06    3.70e-07    
4.299e+01    2.49e-04    1.94e-04    5.37e-05    1.24e-06    4.28e-07    
4.642e+01    2.69e-04    2.09e-04    5.80e-05    1.44e-06    4.95e-07    
5.012e+01    2.90e-04    2.26e-04    6.26e-05    1.67e-06    5.74e-07    
5.412e+01    3.14e-04    2.44e-04    6.76e-05    1.94e-06    6.65e-07    
5.843e+01    3.39e-04    2.64e-04    7.31e-05    2.26e-06    7.71e-07    
6.310e+01    3.66e-04    2.85e-04    7.89e-05    2.62e-06    8.94e-07    
6.813e+01    3.96e-04    3.08e-04    8.52e-05    3.05e-06    1.04e-06    
7.356e+01    4.28e-04    3.32e-04    9.21e-05    3.54e-06    1.20e-06    
7.943e+01    4.62e-04    3.59e-04    9.94e-05    4.12e-06    1.40e-06    
8.577e+01    5.00e-04    3.88e-04    1.07e-04    4.79e-06    1.62e-06    
9.261e+01    5.40e-04    4.19e-04    1.16e-04    5.58e-06    1.88e-06    
1.000e+02    5.84e-04    4.52e-04    1.25e-04    6.49e-06    2.19e-06    
1.080e+02    6.31e-04    4.88e-04    1.35e-04    7.55e-06    2.54e-06    
1.166e+02    6.83e-04    5.28e-04    1.46e-04    8.79e-06    2.96e-06    
1.259e+02    7.38e-04    5.70e-04    1.58e-04    1.02e-05    3.44e-06    
1.359e+02    7.98e-04    6.16e-04    1.71e-04    1.19e-05    4.00e-06    
1.468e+02    8.63e-04    6.65e-04    1.84e-04    1.39e-05    4.65e-06    
1.585e+02    9.34e-04    7.19e-04    1.99e-04    1.61e-05    5.41e-06    
1.711e+02    1.01e-03    7.76e-04    2.15e-04    1.88e-05    6.30e-06    
1.848e+02    1.09e-03    8.39e-04    2.32e-04    2.19e-05    7.33e-06    
1.995e+02    1.18e-03    9.06e-04    2.51e-04    2.55e-05    8.53e-06    
2.154e+02    1.28e-03    9.79e-04    2.71e-04    2.97e-05    9.93e-06    
2.326e+02    1.39e-03    1.06e-03    2.93e-04    3.46e-05    1.16e-05    
2.512e+02    1.50e-03    1.14e-03    3.17e-04    4.03e-05    1.35e-05    
2.712e+02    1.63e-03    1.24e-03    3.42e-04    4.70e-05    1.57e-05    
2.929e+02    1.76e-03    1.34e-03    3.70e-04    5.48e-05    1.83e-05    
3.162e+02    1.91e-03    1.44e-03    4.00e-04    6.38e-05    2.13e-05    
3.415e+02    2.07e-03    1.56e-03    4.32e-04    7.44e-05    2.48e-05    
3.687e+02    2.24e-03    1.69e-03    4.67e-04    8.67e-05    2.88e-05    
3.981e+02    2.43e-03    1.82e-03    5.05e-04    1.01e-04    3.36e-05    
4.299e+02    2.64e-03    1.97e-03    5.46e-04    1.18e-04    3.92e-05    
4.642e+02    2.86e-03    2.13e-03    5.91e-04    1.37e-04    4.56e-05    
5.012e+02    3.10e-03    2.31e-03    6.39e-04    1.60e-04    5.32e-05    
5.412e+02    3.37e-03    2.49e-03    6.91e-04    1.87e-04    6.19e-05    
5.843e+02    3.66e-03    2.70e-03    7.47e-04    2.18e-04    7.22e-05    
6.310e+02    3.98e-03    2.92e-03    8.08e-04    2.54e-04    8.41e-05    
6.813e+02    4.33e-03    3.16e-03    8.74e-04    2.96e-04    9.80e-05    
7.356e+02    4.71e-03    3.42e-03    9.46e-04    3.46e-04    1.14e-04    
7.943e+02    5.12e-03    3.70e-03    1.02e-03    4.03e-04    1.33e-04    
8.577e+02    5.58e-03    4.00e-03    1.11e-03    4.70e-04    1.55e-04    
9.261e+02    6.08e-03    4.33e-03    1.20e-03    5.48e-04    1.81e-04    
1.000e+03    6.63e-03    4.69e-03    1.30e-03    6.40e-04    2.11e-04    
1.080e+03    7.23e-03    5.08e-03    1.41e-03    7.46e-04    2.46e-04    
1.166e+03    7.90e-03    5.50e-03    1.52e-03    8.71e-04    2.86e-04    
1.259e+03    8.63e-03    5.96e-03    1.65e-03    1.02e-03    3.34e-04    
1.359e+03    9.43e-03    6.46e-03    1.79e-03    1.19e-03    3.89e-04    
1.468e+03    1.03e-02    7.00e-03    1.94e-03    1.38e-03    4.53e-04    
1.585e+03    1.13e-02    7.59e-03    2.10e-03    1.61e-03    5.28e-04    
1.711e+03    1.24e-02    8.23e-03    2.28e-03    1.88e-03    6.16e-04    
1.848e+03    1.36e-02    8.93e-03    2.47e-03    2.20e-03    7.17e-04    
1.995e+03    1.49e-02    9.69e-03    2.68e-03    2.56e-03    8.36e-04    
2.154e+03    1.64e-02    1.05e-02    2.91e-03    2.99e-03    9.73e-04    
2.326e+03    1.81e-02    1.14e-02    3.16e-03    3.49e-03    1.13e-03    
2.512e+03    1.99e-02    1.24e-02    3.43e-03    4.07e-03    1.32e-03    
2.712e+03    2.19e-02    1.35e-02    3.72e-03    4.75e-03    1.54e-03    
2.929e+03    2.42e-02    1.46e-02    4.04e-03    5.54e-03    1.79e-03    
3.162e+03    2.68e-02    1.59e-02    4.39e-03    6.46e-03    2.08e-03    
3.415e+03    2.96e-02    1.73e-02    4.77e-03    7.53e-03    2.42e-03    
