!Evolution of population densities [cm-3] of HeI energy levels,
!first row: H nuclei concentration [cm-3], nb of times, number of HeI levels,
!second row: level nb,
! 2.000000e+04   151    31     
!time(s)     1           2           3           4           5           6           7           8           9           10          11          12          13          14          15          16          17          18          19          20          21          22          23          24          25          26          27          28          29          30          31          
0.0000e+00   2.000e-05   1.000e-99   1.000e-99   1.000e-99   1.000e-99   1.000e-99   1.000e-99   1.000e-99   1.000e-99   1.000e-99   1.000e-99   1.000e-99   1.000e-99   1.000e-99   1.000e-99   1.000e-99   1.000e-99   1.000e-99   1.000e-99   1.000e-99   1.000e-99   1.000e-99   1.000e-99   1.000e-99   1.000e-99   1.000e-99   1.000e-99   1.000e-99   1.000e-99   1.000e-99   1.000e-99   
1.0000e+01   2.000e-05   6.196e-16   2.889e-18   1.814e-24   1.091e-24   3.623e-25   7.387e-25   2.127e-25   1.515e-24   4.628e-25   2.777e-25   9.256e-26   5.955e-27   4.856e-27   2.515e-27   2.799e-25   5.290e-25   1.161e-25   9.091e-25   2.496e-25   1.498e-25   4.992e-26   4.824e-27   3.446e-27   2.067e-27   3.505e-25   1.618e-28   2.080e-28   1.155e-28   1.112e-26   5.153e-25   
1.0798e+01   2.000e-05   6.693e-16   2.889e-18   1.815e-24   1.092e-24   3.627e-25   7.386e-25   2.129e-25   1.515e-24   4.631e-25   2.779e-25   9.262e-26   5.962e-27   4.862e-27   2.518e-27   2.800e-25   5.289e-25   1.162e-25   9.091e-25   2.498e-25   1.499e-25   4.996e-26   4.831e-27   3.451e-27   2.070e-27   3.505e-25   1.625e-28   2.088e-28   1.160e-28   1.113e-26   5.152e-25   
1.1659e+01   2.000e-05   7.230e-16   2.889e-18   1.817e-24   1.093e-24   3.630e-25   7.385e-25   2.131e-25   1.515e-24   4.635e-25   2.781e-25   9.270e-26   5.970e-27   4.868e-27   2.521e-27   2.800e-25   5.289e-25   1.163e-25   9.092e-25   2.500e-25   1.500e-25   4.999e-26   4.838e-27   3.456e-27   2.073e-27   3.505e-25   1.632e-28   2.098e-28   1.165e-28   1.114e-26   5.152e-25   
1.2589e+01   2.000e-05   7.810e-16   2.890e-18   1.819e-24   1.094e-24   3.634e-25   7.385e-25   2.133e-25   1.515e-24   4.639e-25   2.784e-25   9.278e-26   5.979e-27   4.875e-27   2.525e-27   2.800e-25   5.288e-25   1.164e-25   9.093e-25   2.502e-25   1.501e-25   5.003e-26   4.846e-27   3.462e-27   2.077e-27   3.506e-25   1.640e-28   2.108e-28   1.171e-28   1.114e-26   5.151e-25   
1.3594e+01   2.000e-05   8.437e-16   2.890e-18   1.821e-24   1.095e-24   3.638e-25   7.384e-25   2.136e-25   1.515e-24   4.643e-25   2.786e-25   9.287e-26   5.988e-27   4.882e-27   2.529e-27   2.801e-25   5.287e-25   1.166e-25   9.093e-25   2.504e-25   1.502e-25   5.008e-26   4.854e-27   3.468e-27   2.080e-27   3.506e-25   1.648e-28   2.118e-28   1.177e-28   1.115e-26   5.151e-25   
1.4678e+01   2.000e-05   9.115e-16   2.890e-18   1.823e-24   1.096e-24   3.642e-25   7.383e-25   2.138e-25   1.515e-24   4.648e-25   2.789e-25   9.296e-26   5.998e-27   4.889e-27   2.533e-27   2.801e-25   5.287e-25   1.167e-25   9.094e-25   2.506e-25   1.504e-25   5.013e-26   4.863e-27   3.474e-27   2.084e-27   3.507e-25   1.657e-28   2.130e-28   1.183e-28   1.116e-26   5.150e-25   
1.5849e+01   2.000e-05   9.848e-16   2.890e-18   1.825e-24   1.098e-24   3.647e-25   7.382e-25   2.141e-25   1.516e-24   4.653e-25   2.792e-25   9.306e-26   6.009e-27   4.897e-27   2.538e-27   2.802e-25   5.286e-25   1.169e-25   9.095e-25   2.509e-25   1.505e-25   5.018e-26   4.873e-27   3.481e-27   2.089e-27   3.508e-25   1.667e-28   2.143e-28   1.190e-28   1.117e-26   5.149e-25   
1.7113e+01   2.000e-05   1.064e-15   2.891e-18   1.828e-24   1.099e-24   3.652e-25   7.381e-25   2.144e-25   1.516e-24   4.659e-25   2.795e-25   9.317e-26   6.020e-27   4.906e-27   2.543e-27   2.802e-25   5.285e-25   1.170e-25   9.096e-25   2.512e-25   1.507e-25   5.023e-26   4.884e-27   3.489e-27   2.093e-27   3.508e-25   1.677e-28   2.156e-28   1.198e-28   1.118e-26   5.148e-25   
1.8478e+01   2.000e-05   1.150e-15   2.891e-18   1.831e-24   1.101e-24   3.657e-25   7.380e-25   2.147e-25   1.516e-24   4.664e-25   2.799e-25   9.329e-26   6.033e-27   4.916e-27   2.548e-27   2.803e-25   5.284e-25   1.172e-25   9.097e-25   2.514e-25   1.509e-25   5.029e-26   4.896e-27   3.497e-27   2.098e-27   3.509e-25   1.689e-28   2.171e-28   1.206e-28   1.119e-26   5.147e-25   
1.9953e+01   2.000e-05   1.242e-15   2.891e-18   1.834e-24   1.103e-24   3.663e-25   7.379e-25   2.151e-25   1.516e-24   4.671e-25   2.803e-25   9.341e-26   6.047e-27   4.926e-27   2.554e-27   2.803e-25   5.283e-25   1.174e-25   9.098e-25   2.518e-25   1.511e-25   5.035e-26   4.908e-27   3.506e-27   2.104e-27   3.510e-25   1.701e-28   2.187e-28   1.215e-28   1.120e-26   5.147e-25   
2.1544e+01   2.000e-05   1.342e-15   2.892e-18   1.837e-24   1.105e-24   3.670e-25   7.378e-25   2.155e-25   1.516e-24   4.678e-25   2.807e-25   9.355e-26   6.061e-27   4.937e-27   2.560e-27   2.804e-25   5.282e-25   1.176e-25   9.099e-25   2.521e-25   1.513e-25   5.042e-26   4.922e-27   3.516e-27   2.109e-27   3.510e-25   1.715e-28   2.204e-28   1.225e-28   1.121e-26   5.145e-25   
2.3263e+01   2.000e-05   1.451e-15   2.892e-18   1.840e-24   1.107e-24   3.677e-25   7.377e-25   2.159e-25   1.517e-24   4.685e-25   2.811e-25   9.370e-26   6.077e-27   4.949e-27   2.567e-27   2.804e-25   5.281e-25   1.178e-25   9.100e-25   2.525e-25   1.515e-25   5.050e-26   4.936e-27   3.526e-27   2.116e-27   3.511e-25   1.729e-28   2.223e-28   1.235e-28   1.122e-26   5.144e-25   
2.5119e+01   2.000e-05   1.568e-15   2.893e-18   1.844e-24   1.109e-24   3.684e-25   7.375e-25   2.163e-25   1.517e-24   4.693e-25   2.816e-25   9.386e-26   6.095e-27   4.962e-27   2.574e-27   2.805e-25   5.280e-25   1.181e-25   9.101e-25   2.529e-25   1.517e-25   5.058e-26   4.952e-27   3.538e-27   2.122e-27   3.512e-25   1.745e-28   2.243e-28   1.246e-28   1.124e-26   5.143e-25   
2.7123e+01   2.000e-05   1.694e-15   2.893e-18   1.848e-24   1.111e-24   3.692e-25   7.374e-25   2.168e-25   1.517e-24   4.702e-25   2.821e-25   9.403e-26   6.113e-27   4.976e-27   2.582e-27   2.806e-25   5.278e-25   1.183e-25   9.103e-25   2.533e-25   1.520e-25   5.066e-26   4.969e-27   3.550e-27   2.130e-27   3.513e-25   1.762e-28   2.264e-28   1.258e-28   1.125e-26   5.142e-25   
2.9286e+01   2.000e-05   1.831e-15   2.894e-18   1.852e-24   1.114e-24   3.701e-25   7.372e-25   2.173e-25   1.517e-24   4.711e-25   2.827e-25   9.422e-26   6.133e-27   4.991e-27   2.591e-27   2.807e-25   5.277e-25   1.186e-25   9.104e-25   2.538e-25   1.523e-25   5.076e-26   4.988e-27   3.563e-27   2.138e-27   3.514e-25   1.780e-28   2.288e-28   1.271e-28   1.127e-26   5.141e-25   
3.1623e+01   2.000e-05   1.980e-15   2.894e-18   1.857e-24   1.117e-24   3.710e-25   7.370e-25   2.179e-25   1.518e-24   4.721e-25   2.833e-25   9.442e-26   6.155e-27   5.007e-27   2.600e-27   2.807e-25   5.275e-25   1.189e-25   9.106e-25   2.543e-25   1.526e-25   5.086e-26   5.008e-27   3.577e-27   2.146e-27   3.516e-25   1.799e-28   2.313e-28   1.285e-28   1.128e-26   5.139e-25   
3.4145e+01   2.000e-05   2.140e-15   2.895e-18   1.862e-24   1.120e-24   3.720e-25   7.368e-25   2.185e-25   1.518e-24   4.732e-25   2.839e-25   9.464e-26   6.178e-27   5.025e-27   2.610e-27   2.808e-25   5.274e-25   1.193e-25   9.108e-25   2.548e-25   1.529e-25   5.097e-26   5.029e-27   3.593e-27   2.155e-27   3.517e-25   1.821e-28   2.340e-28   1.300e-28   1.130e-26   5.137e-25   
3.6869e+01   2.000e-05   2.314e-15   2.896e-18   1.868e-24   1.123e-24   3.731e-25   7.366e-25   2.191e-25   1.518e-24   4.744e-25   2.846e-25   9.487e-26   6.204e-27   5.044e-27   2.621e-27   2.809e-25   5.272e-25   1.196e-25   9.109e-25   2.554e-25   1.533e-25   5.109e-26   5.053e-27   3.609e-27   2.165e-27   3.518e-25   1.844e-28   2.370e-28   1.317e-28   1.132e-26   5.136e-25   
3.9811e+01   2.000e-05   2.502e-15   2.896e-18   1.873e-24   1.127e-24   3.743e-25   7.364e-25   2.198e-25   1.519e-24   4.756e-25   2.854e-25   9.513e-26   6.231e-27   5.065e-27   2.633e-27   2.810e-25   5.270e-25   1.200e-25   9.111e-25   2.561e-25   1.536e-25   5.121e-26   5.078e-27   3.627e-27   2.176e-27   3.520e-25   1.868e-28   2.402e-28   1.334e-28   1.134e-26   5.134e-25   
4.2987e+01   2.000e-05   2.706e-15   2.897e-18   1.880e-24   1.131e-24   3.756e-25   7.362e-25   2.206e-25   1.519e-24   4.770e-25   2.862e-25   9.540e-26   6.261e-27   5.087e-27   2.645e-27   2.812e-25   5.268e-25   1.204e-25   9.114e-25   2.568e-25   1.541e-25   5.135e-26   5.105e-27   3.647e-27   2.188e-27   3.521e-25   1.895e-28   2.436e-28   1.354e-28   1.137e-26   5.132e-25   
4.6416e+01   2.000e-05   2.926e-15   2.898e-18   1.887e-24   1.135e-24   3.770e-25   7.359e-25   2.214e-25   1.520e-24   4.785e-25   2.871e-25   9.570e-26   6.293e-27   5.111e-27   2.659e-27   2.813e-25   5.265e-25   1.209e-25   9.116e-25   2.575e-25   1.545e-25   5.150e-26   5.134e-27   3.668e-27   2.200e-27   3.523e-25   1.924e-28   2.474e-28   1.374e-28   1.139e-26   5.129e-25   
5.0119e+01   2.000e-05   3.165e-15   2.899e-18   1.894e-24   1.139e-24   3.785e-25   7.356e-25   2.222e-25   1.520e-24   4.801e-25   2.881e-25   9.602e-26   6.327e-27   5.137e-27   2.673e-27   2.814e-25   5.263e-25   1.214e-25   9.118e-25   2.583e-25   1.550e-25   5.166e-26   5.166e-27   3.690e-27   2.214e-27   3.525e-25   1.956e-28   2.514e-28   1.397e-28   1.142e-26   5.127e-25   
5.4117e+01   2.000e-05   3.424e-15   2.900e-18   1.902e-24   1.144e-24   3.801e-25   7.353e-25   2.232e-25   1.521e-24   4.818e-25   2.891e-25   9.636e-26   6.364e-27   5.165e-27   2.689e-27   2.816e-25   5.260e-25   1.219e-25   9.121e-25   2.592e-25   1.555e-25   5.183e-26   5.200e-27   3.715e-27   2.229e-27   3.527e-25   1.990e-28   2.558e-28   1.421e-28   1.145e-26   5.124e-25   
5.8434e+01   2.000e-05   3.705e-15   2.901e-18   1.911e-24   1.149e-24   3.818e-25   7.350e-25   2.242e-25   1.521e-24   4.837e-25   2.902e-25   9.674e-26   6.405e-27   5.195e-27   2.707e-27   2.817e-25   5.257e-25   1.225e-25   9.124e-25   2.601e-25   1.561e-25   5.202e-26   5.237e-27   3.741e-27   2.245e-27   3.529e-25   2.026e-28   2.605e-28   1.447e-28   1.148e-26   5.122e-25   
6.3096e+01   2.000e-05   4.010e-15   2.902e-18   1.920e-24   1.155e-24   3.837e-25   7.346e-25   2.253e-25   1.522e-24   4.857e-25   2.914e-25   9.714e-26   6.448e-27   5.228e-27   2.725e-27   2.819e-25   5.254e-25   1.231e-25   9.127e-25   2.611e-25   1.567e-25   5.222e-26   5.277e-27   3.770e-27   2.262e-27   3.531e-25   2.066e-28   2.656e-28   1.475e-28   1.152e-26   5.118e-25   
6.8129e+01   2.000e-05   4.340e-15   2.903e-18   1.930e-24   1.161e-24   3.857e-25   7.342e-25   2.265e-25   1.522e-24   4.879e-25   2.927e-25   9.758e-26   6.495e-27   5.264e-27   2.745e-27   2.820e-25   5.251e-25   1.238e-25   9.131e-25   2.622e-25   1.573e-25   5.244e-26   5.321e-27   3.801e-27   2.280e-27   3.534e-25   2.109e-28   2.711e-28   1.506e-28   1.155e-26   5.115e-25   
7.3564e+01   2.000e-05   4.698e-15   2.904e-18   1.941e-24   1.168e-24   3.879e-25   7.338e-25   2.278e-25   1.523e-24   4.902e-25   2.942e-25   9.805e-26   6.546e-27   5.302e-27   2.767e-27   2.822e-25   5.247e-25   1.245e-25   9.134e-25   2.634e-25   1.580e-25   5.267e-26   5.368e-27   3.834e-27   2.300e-27   3.536e-25   2.155e-28   2.770e-28   1.539e-28   1.159e-26   5.112e-25   
7.9433e+01   2.000e-05   5.087e-15   2.906e-18   1.953e-24   1.175e-24   3.903e-25   7.334e-25   2.292e-25   1.524e-24   4.928e-25   2.957e-25   9.855e-26   6.601e-27   5.344e-27   2.790e-27   2.824e-25   5.243e-25   1.253e-25   9.138e-25   2.646e-25   1.588e-25   5.293e-26   5.418e-27   3.871e-27   2.322e-27   3.539e-25   2.205e-28   2.835e-28   1.575e-28   1.164e-26   5.108e-25   
8.5770e+01   2.000e-05   5.509e-15   2.907e-18   1.966e-24   1.182e-24   3.928e-25   7.329e-25   2.307e-25   1.525e-24   4.955e-25   2.973e-25   9.910e-26   6.661e-27   5.388e-27   2.816e-27   2.827e-25   5.238e-25   1.261e-25   9.142e-25   2.660e-25   1.596e-25   5.320e-26   5.473e-27   3.910e-27   2.346e-27   3.542e-25   2.259e-28   2.904e-28   1.613e-28   1.169e-26   5.103e-25   
9.2612e+01   2.000e-05   5.967e-15   2.909e-18   1.980e-24   1.191e-24   3.956e-25   7.323e-25   2.324e-25   1.525e-24   4.985e-25   2.991e-25   9.969e-26   6.725e-27   5.437e-27   2.843e-27   2.829e-25   5.234e-25   1.270e-25   9.147e-25   2.675e-25   1.605e-25   5.350e-26   5.533e-27   3.952e-27   2.371e-27   3.545e-25   2.318e-28   2.980e-28   1.655e-28   1.174e-26   5.099e-25   
1.0000e+02   2.000e-05   6.465e-15   2.911e-18   1.995e-24   1.200e-24   3.986e-25   7.317e-25   2.341e-25   1.526e-24   5.017e-25   3.010e-25   1.003e-25   6.795e-27   5.489e-27   2.873e-27   2.832e-25   5.229e-25   1.280e-25   9.152e-25   2.691e-25   1.615e-25   5.382e-26   5.597e-27   3.998e-27   2.399e-27   3.549e-25   2.381e-28   3.061e-28   1.701e-28   1.179e-26   5.094e-25   
1.0798e+02   2.000e-05   7.006e-15   2.912e-18   2.011e-24   1.209e-24   4.018e-25   7.311e-25   2.360e-25   1.527e-24   5.051e-25   3.031e-25   1.010e-25   6.870e-27   5.546e-27   2.905e-27   2.834e-25   5.223e-25   1.291e-25   9.157e-25   2.708e-25   1.625e-25   5.417e-26   5.666e-27   4.048e-27   2.428e-27   3.553e-25   2.450e-28   3.150e-28   1.750e-28   1.185e-26   5.088e-25   
1.1659e+02   2.000e-05   7.595e-15   2.914e-18   2.028e-24   1.220e-24   4.053e-25   7.304e-25   2.381e-25   1.528e-24   5.088e-25   3.053e-25   1.018e-25   6.952e-27   5.607e-27   2.940e-27   2.837e-25   5.217e-25   1.302e-25   9.162e-25   2.727e-25   1.636e-25   5.454e-26   5.741e-27   4.101e-27   2.461e-27   3.557e-25   2.525e-28   3.245e-28   1.803e-28   1.191e-26   5.083e-25   
1.2589e+02   2.000e-05   8.236e-15   2.917e-18   2.047e-24   1.231e-24   4.091e-25   7.296e-25   2.403e-25   1.530e-24   5.129e-25   3.077e-25   1.026e-25   7.040e-27   5.673e-27   2.977e-27   2.840e-25   5.211e-25   1.315e-25   9.168e-25   2.747e-25   1.648e-25   5.494e-26   5.823e-27   4.159e-27   2.495e-27   3.561e-25   2.605e-28   3.349e-28   1.860e-28   1.198e-26   5.076e-25   
1.3594e+02   2.000e-05   8.934e-15   2.919e-18   2.068e-24   1.243e-24   4.131e-25   7.288e-25   2.427e-25   1.531e-24   5.172e-25   3.104e-25   1.034e-25   7.135e-27   5.745e-27   3.018e-27   2.844e-25   5.203e-25   1.328e-25   9.175e-25   2.769e-25   1.661e-25   5.538e-26   5.911e-27   4.222e-27   2.533e-27   3.566e-25   2.692e-28   3.461e-28   1.923e-28   1.206e-26   5.069e-25   
1.4678e+02   2.000e-05   9.694e-15   2.921e-18   2.090e-24   1.257e-24   4.176e-25   7.279e-25   2.453e-25   1.532e-24   5.219e-25   3.132e-25   1.044e-25   7.238e-27   5.823e-27   3.062e-27   2.847e-25   5.196e-25   1.343e-25   9.181e-25   2.792e-25   1.675e-25   5.585e-26   6.006e-27   4.290e-27   2.574e-27   3.571e-25   2.787e-28   3.582e-28   1.990e-28   1.214e-26   5.062e-25   
1.5849e+02   2.000e-05   1.052e-14   2.924e-18   2.114e-24   1.271e-24   4.223e-25   7.270e-25   2.481e-25   1.533e-24   5.270e-25   3.162e-25   1.054e-25   7.349e-27   5.906e-27   3.109e-27   2.851e-25   5.187e-25   1.358e-25   9.189e-25   2.818e-25   1.691e-25   5.635e-26   6.109e-27   4.364e-27   2.618e-27   3.576e-25   2.889e-28   3.714e-28   2.063e-28   1.223e-26   5.054e-25   
1.7113e+02   2.000e-05   1.143e-14   2.927e-18   2.139e-24   1.286e-24   4.275e-25   7.259e-25   2.512e-25   1.535e-24   5.325e-25   3.195e-25   1.065e-25   7.470e-27   5.997e-27   3.161e-27   2.855e-25   5.178e-25   1.375e-25   9.196e-25   2.845e-25   1.707e-25   5.690e-26   6.221e-27   4.444e-27   2.666e-27   3.582e-25   3.000e-28   3.856e-28   2.142e-28   1.232e-26   5.045e-25   
1.8478e+02   2.000e-05   1.241e-14   2.930e-18   2.167e-24   1.303e-24   4.330e-25   7.248e-25   2.545e-25   1.537e-24   5.384e-25   3.230e-25   1.077e-25   7.601e-27   6.095e-27   3.216e-27   2.859e-25   5.169e-25   1.394e-25   9.205e-25   2.875e-25   1.725e-25   5.749e-26   6.342e-27   4.530e-27   2.718e-27   3.588e-25   3.120e-28   4.011e-28   2.228e-28   1.242e-26   5.036e-25   
1.9953e+02   2.000e-05   1.349e-14   2.933e-18   2.197e-24   1.321e-24   4.390e-25   7.235e-25   2.580e-25   1.538e-24   5.448e-25   3.269e-25   1.090e-25   7.742e-27   6.202e-27   3.277e-27   2.864e-25   5.158e-25   1.414e-25   9.214e-25   2.906e-25   1.744e-25   5.813e-26   6.473e-27   4.624e-27   2.774e-27   3.594e-25   3.251e-28   4.179e-28   2.321e-28   1.253e-26   5.025e-25   
2.1544e+02   2.000e-05   1.467e-14   2.936e-18   2.230e-24   1.341e-24   4.455e-25   7.222e-25   2.618e-25   1.540e-24   5.516e-25   3.310e-25   1.103e-25   7.895e-27   6.317e-27   3.342e-27   2.869e-25   5.146e-25   1.435e-25   9.223e-25   2.941e-25   1.765e-25   5.882e-26   6.615e-27   4.725e-27   2.835e-27   3.601e-25   3.392e-28   4.360e-28   2.422e-28   1.265e-26   5.014e-25   
2.3263e+02   2.000e-05   1.596e-14   2.940e-18   2.265e-24   1.362e-24   4.525e-25   7.207e-25   2.660e-25   1.542e-24   5.591e-25   3.355e-25   1.118e-25   8.061e-27   6.441e-27   3.412e-27   2.874e-25   5.134e-25   1.458e-25   9.233e-25   2.978e-25   1.787e-25   5.956e-26   6.769e-27   4.835e-27   2.901e-27   3.609e-25   3.545e-28   4.558e-28   2.532e-28   1.278e-26   5.001e-25   
2.5119e+02   2.000e-05   1.737e-14   2.944e-18   2.303e-24   1.385e-24   4.601e-25   7.191e-25   2.705e-25   1.544e-24   5.671e-25   3.403e-25   1.134e-25   8.240e-27   6.576e-27   3.489e-27   2.880e-25   5.120e-25   1.483e-25   9.243e-25   3.018e-25   1.811e-25   6.036e-26   6.936e-27   4.954e-27   2.972e-27   3.616e-25   3.712e-28   4.772e-28   2.651e-28   1.292e-26   4.988e-25   
2.7123e+02   2.000e-05   1.892e-14   2.948e-18   2.344e-24   1.409e-24   4.683e-25   7.173e-25   2.753e-25   1.546e-24   5.758e-25   3.455e-25   1.152e-25   8.435e-27   6.722e-27   3.572e-27   2.885e-25   5.105e-25   1.510e-25   9.255e-25   3.061e-25   1.837e-25   6.123e-26   7.116e-27   5.084e-27   3.050e-27   3.625e-25   3.893e-28   5.005e-28   2.780e-28   1.306e-26   4.973e-25   
2.9286e+02   2.000e-05   2.062e-14   2.952e-18   2.388e-24   1.436e-24   4.772e-25   7.154e-25   2.806e-25   1.549e-24   5.851e-25   3.511e-25   1.170e-25   8.645e-27   6.880e-27   3.661e-27   2.892e-25   5.089e-25   1.540e-25   9.266e-25   3.108e-25   1.865e-25   6.216e-26   7.312e-27   5.224e-27   3.134e-27   3.633e-25   4.090e-28   5.257e-28   2.921e-28   1.323e-26   4.958e-25   
3.1623e+02   2.000e-05   2.248e-14   2.957e-18   2.436e-24   1.465e-24   4.868e-25   7.133e-25   2.862e-25   1.551e-24   5.952e-25   3.571e-25   1.190e-25   8.873e-27   7.051e-27   3.759e-27   2.898e-25   5.071e-25   1.572e-25   9.279e-25   3.158e-25   1.895e-25   6.316e-26   7.525e-27   5.375e-27   3.225e-27   3.643e-25   4.303e-28   5.532e-28   3.073e-28   1.340e-26   4.940e-25   
3.4145e+02   2.000e-05   2.453e-14   2.962e-18   2.488e-24   1.496e-24   4.971e-25   7.110e-25   2.923e-25   1.553e-24   6.060e-25   3.636e-25   1.212e-25   9.120e-27   7.237e-27   3.864e-27   2.905e-25   5.051e-25   1.606e-25   9.292e-25   3.212e-25   1.927e-25   6.424e-26   7.755e-27   5.540e-27   3.324e-27   3.652e-25   4.536e-28   5.831e-28   3.239e-28   1.359e-26   4.921e-25   
3.6869e+02   2.000e-05   2.678e-14   2.967e-18   2.544e-24   1.529e-24   5.083e-25   7.085e-25   2.989e-25   1.556e-24   6.177e-25   3.707e-25   1.235e-25   9.387e-27   7.437e-27   3.978e-27   2.912e-25   5.030e-25   1.643e-25   9.305e-25   3.270e-25   1.962e-25   6.541e-26   8.005e-27   5.718e-27   3.431e-27   3.663e-25   4.789e-28   6.156e-28   3.420e-28   1.379e-26   4.901e-25   
3.9811e+02   2.000e-05   2.926e-14   2.973e-18   2.604e-24   1.566e-24   5.203e-25   7.058e-25   3.061e-25   1.559e-24   6.303e-25   3.782e-25   1.261e-25   9.676e-27   7.654e-27   4.101e-27   2.919e-25   5.007e-25   1.683e-25   9.320e-25   3.333e-25   2.000e-25   6.666e-26   8.276e-27   5.912e-27   3.547e-27   3.673e-25   5.064e-28   6.510e-28   3.616e-28   1.401e-26   4.878e-25   
4.2987e+02   2.000e-05   3.200e-14   2.978e-18   2.669e-24   1.605e-24   5.334e-25   7.027e-25   3.138e-25   1.562e-24   6.439e-25   3.864e-25   1.288e-25   9.989e-27   7.889e-27   4.234e-27   2.927e-25   4.982e-25   1.727e-25   9.334e-25   3.400e-25   2.040e-25   6.801e-26   8.570e-27   6.122e-27   3.673e-27   3.684e-25   5.364e-28   6.895e-28   3.830e-28   1.424e-26   4.853e-25   
4.6416e+02   2.000e-05   3.502e-14   2.984e-18   2.739e-24   1.647e-24   5.474e-25   6.994e-25   3.221e-25   1.565e-24   6.585e-25   3.951e-25   1.317e-25   1.033e-26   8.143e-27   4.379e-27   2.934e-25   4.955e-25   1.773e-25   9.349e-25   3.473e-25   2.084e-25   6.946e-26   8.888e-27   6.349e-27   3.809e-27   3.696e-25   5.690e-28   7.315e-28   4.064e-28   1.450e-26   4.826e-25   
5.0119e+02   2.000e-05   3.836e-14   2.991e-18   2.815e-24   1.692e-24   5.626e-25   6.958e-25   3.311e-25   1.568e-24   6.742e-25   4.045e-25   1.348e-25   1.069e-26   8.418e-27   4.535e-27   2.942e-25   4.925e-25   1.824e-25   9.365e-25   3.551e-25   2.130e-25   7.102e-26   9.233e-27   6.596e-27   3.957e-27   3.708e-25   6.046e-28   7.772e-28   4.318e-28   1.477e-26   4.797e-25   
5.4117e+02   2.000e-05   4.205e-14   2.997e-18   2.897e-24   1.742e-24   5.789e-25   6.918e-25   3.408e-25   1.571e-24   6.911e-25   4.146e-25   1.382e-25   1.109e-26   8.715e-27   4.704e-27   2.950e-25   4.892e-25   1.879e-25   9.380e-25   3.634e-25   2.181e-25   7.268e-26   9.607e-27   6.863e-27   4.117e-27   3.720e-25   6.434e-28   8.271e-28   4.595e-28   1.506e-26   4.764e-25   
5.8434e+02   2.000e-05   4.614e-14   3.004e-18   2.985e-24   1.794e-24   5.965e-25   6.875e-25   3.512e-25   1.574e-24   7.091e-25   4.255e-25   1.418e-25   1.152e-26   9.036e-27   4.887e-27   2.958e-25   4.856e-25   1.937e-25   9.396e-25   3.724e-25   2.234e-25   7.447e-26   1.001e-26   7.152e-27   4.291e-27   3.732e-25   6.858e-28   8.815e-28   4.897e-28   1.538e-26   4.729e-25   
6.3096e+02   2.000e-05   5.067e-14   3.010e-18   3.080e-24   1.851e-24   6.154e-25   6.827e-25   3.625e-25   1.578e-24   7.285e-25   4.371e-25   1.457e-25   1.198e-26   9.382e-27   5.084e-27   2.966e-25   4.817e-25   2.001e-25   9.411e-25   3.819e-25   2.292e-25   7.639e-26   1.045e-26   7.466e-27   4.479e-27   3.744e-25   7.320e-28   9.410e-28   5.227e-28   1.572e-26   4.691e-25   
6.8129e+02   2.000e-05   5.570e-14   3.017e-18   3.181e-24   1.912e-24   6.358e-25   6.774e-25   3.746e-25   1.581e-24   7.492e-25   4.495e-25   1.498e-25   1.248e-26   9.756e-27   5.296e-27   2.974e-25   4.774e-25   2.069e-25   9.426e-25   3.922e-25   2.353e-25   7.843e-26   1.093e-26   7.804e-27   4.682e-27   3.757e-25   7.824e-28   1.006e-27   5.588e-28   1.608e-26   4.648e-25   
7.3564e+02   2.000e-05   6.129e-14   3.024e-18   3.291e-24   1.978e-24   6.576e-25   6.716e-25   3.876e-25   1.584e-24   7.713e-25   4.628e-25   1.543e-25   1.302e-26   1.016e-26   5.526e-27   2.982e-25   4.728e-25   2.143e-25   9.439e-25   4.030e-25   2.418e-25   8.061e-26   1.144e-26   8.170e-27   4.902e-27   3.769e-25   8.375e-28   1.077e-27   5.981e-28   1.647e-26   4.602e-25   
7.9433e+02   2.000e-05   6.751e-14   3.031e-18   3.408e-24   2.048e-24   6.810e-25   6.652e-25   4.015e-25   1.587e-24   7.948e-25   4.769e-25   1.590e-25   1.360e-26   1.059e-26   5.772e-27   2.988e-25   4.676e-25   2.221e-25   9.452e-25   4.146e-25   2.488e-25   8.292e-26   1.199e-26   8.565e-27   5.139e-27   3.780e-25   8.976e-28   1.154e-27   6.410e-28   1.689e-26   4.551e-25   
8.5770e+02   2.000e-05   7.443e-14   3.037e-18   3.533e-24   2.124e-24   7.060e-25   6.582e-25   4.165e-25   1.590e-24   8.198e-25   4.919e-25   1.640e-25   1.422e-26   1.106e-26   6.037e-27   2.995e-25   4.620e-25   2.306e-25   9.463e-25   4.269e-25   2.561e-25   8.538e-26   1.259e-26   8.991e-27   5.394e-27   3.791e-25   9.632e-28   1.238e-27   6.879e-28   1.733e-26   4.496e-25   
9.2612e+02   2.000e-05   8.213e-14   3.043e-18   3.667e-24   2.204e-24   7.327e-25   6.505e-25   4.324e-25   1.592e-24   8.463e-25   5.078e-25   1.693e-25   1.488e-26   1.155e-26   6.321e-27   3.000e-25   4.559e-25   2.396e-25   9.471e-25   4.399e-25   2.639e-25   8.797e-26   1.323e-26   9.448e-27   5.669e-27   3.800e-25   1.035e-27   1.330e-27   7.390e-28   1.781e-26   4.435e-25   
1.0000e+03   2.000e-05   9.072e-14   3.048e-18   3.809e-24   2.289e-24   7.612e-25   6.420e-25   4.494e-25   1.594e-24   8.742e-25   5.246e-25   1.748e-25   1.559e-26   1.208e-26   6.624e-27   3.003e-25   4.492e-25   2.492e-25   9.475e-25   4.535e-25   2.721e-25   9.070e-26   1.391e-26   9.939e-27   5.963e-27   3.808e-25   1.113e-27   1.431e-27   7.948e-28   1.831e-26   4.368e-25   
1.0798e+03   2.000e-05   1.003e-13   3.053e-18   3.959e-24   2.380e-24   7.913e-25   6.327e-25   4.675e-25   1.596e-24   9.036e-25   5.422e-25   1.807e-25   1.635e-26   1.265e-26   6.947e-27   3.005e-25   4.419e-25   2.594e-25   9.476e-25   4.678e-25   2.807e-25   9.356e-26   1.465e-26   1.046e-26   6.278e-27   3.814e-25   1.198e-27   1.540e-27   8.555e-28   1.885e-26   4.296e-25   
1.1659e+03   2.000e-05   1.110e-13   3.056e-18   4.118e-24   2.475e-24   8.231e-25   6.225e-25   4.866e-25   1.596e-24   9.342e-25   5.606e-25   1.868e-25   1.715e-26   1.325e-26   7.289e-27   3.005e-25   4.340e-25   2.702e-25   9.471e-25   4.827e-25   2.896e-25   9.653e-26   1.543e-26   1.102e-26   6.613e-27   3.818e-25   1.290e-27   1.659e-27   9.215e-28   1.941e-26   4.216e-25   
1.2589e+03   2.000e-05   1.229e-13   3.058e-18   4.285e-24   2.576e-24   8.565e-25   6.113e-25   5.067e-25   1.596e-24   9.661e-25   5.796e-25   1.932e-25   1.800e-26   1.388e-26   7.651e-27   3.001e-25   4.253e-25   2.816e-25   9.459e-25   4.980e-25   2.988e-25   9.961e-26   1.626e-26   1.162e-26   6.969e-27   3.818e-25   1.391e-27   1.788e-27   9.931e-28   2.000e-26   4.130e-25   
1.3594e+03   2.000e-05   1.362e-13   3.058e-18   4.460e-24   2.680e-24   8.913e-25   5.991e-25   5.278e-25   1.594e-24   9.988e-25   5.993e-25   1.998e-25   1.889e-26   1.454e-26   8.031e-27   2.995e-25   4.158e-25   2.935e-25   9.438e-25   5.138e-25   3.083e-25   1.028e-25   1.714e-26   1.224e-26   7.344e-27   3.813e-25   1.499e-27   1.927e-27   1.071e-27   2.061e-26   4.035e-25   
1.4678e+03   2.000e-05   1.510e-13   3.055e-18   4.641e-24   2.789e-24   9.275e-25   5.856e-25   5.497e-25   1.591e-24   1.032e-24   6.194e-25   2.065e-25   1.982e-26   1.524e-26   8.427e-27   2.984e-25   4.055e-25   3.059e-25   9.408e-25   5.298e-25   3.179e-25   1.060e-25   1.805e-26   1.290e-26   7.737e-27   3.804e-25   1.616e-27   2.077e-27   1.154e-27   2.125e-26   3.933e-25   
1.5849e+03   2.000e-05   1.675e-13   3.050e-18   4.827e-24   2.901e-24   9.647e-25   5.710e-25   5.724e-25   1.585e-24   1.066e-24   6.397e-25   2.132e-25   2.078e-26   1.595e-26   8.836e-27   2.969e-25   3.944e-25   3.186e-25   9.364e-25   5.459e-25   3.275e-25   1.092e-25   1.901e-26   1.358e-26   8.146e-27   3.789e-25   1.742e-27   2.239e-27   1.244e-27   2.190e-26   3.822e-25   
1.7113e+03   2.000e-05   1.859e-13   3.041e-18   5.016e-24   3.014e-24   1.002e-24   5.550e-25   5.955e-25   1.578e-24   1.100e-24   6.598e-25   2.199e-25   2.176e-26   1.668e-26   9.256e-27   2.948e-25   3.823e-25   3.316e-25   9.306e-25   5.617e-25   3.370e-25   1.123e-25   1.999e-26   1.428e-26   8.567e-27   3.767e-25   1.876e-27   2.411e-27   1.340e-27   2.255e-26   3.701e-25   
1.8478e+03   2.000e-05   2.063e-13   3.027e-18   5.206e-24   3.128e-24   1.040e-24   5.377e-25   6.188e-25   1.568e-24   1.133e-24   6.795e-25   2.265e-25   2.275e-26   1.742e-26   9.679e-27   2.921e-25   3.693e-25   3.447e-25   9.231e-25   5.771e-25   3.462e-25   1.154e-25   2.099e-26   1.500e-26   8.997e-27   3.736e-25   2.018e-27   2.594e-27   1.441e-27   2.321e-26   3.572e-25   
1.9953e+03   2.000e-05   2.289e-13   3.007e-18   5.393e-24   3.241e-24   1.078e-24   5.189e-25   6.420e-25   1.554e-24   1.164e-24   6.984e-25   2.328e-25   2.374e-26   1.815e-26   1.010e-26   2.886e-25   3.553e-25   3.577e-25   9.135e-25   5.915e-25   3.549e-25   1.183e-25   2.200e-26   1.571e-26   9.427e-27   3.696e-25   2.168e-27   2.787e-27   1.548e-27   2.386e-26   3.432e-25   
2.1544e+03   2.000e-05   2.539e-13   2.982e-18   5.574e-24   3.350e-24   1.114e-24   4.987e-25   6.646e-25   1.537e-24   1.193e-24   7.159e-25   2.386e-25   2.471e-26   1.887e-26   1.051e-26   2.842e-25   3.403e-25   3.702e-25   9.015e-25   6.047e-25   3.628e-25   1.209e-25   2.299e-26   1.642e-26   9.852e-27   3.644e-25   2.323e-27   2.987e-27   1.659e-27   2.447e-26   3.283e-25   
2.3263e+03   2.000e-05   2.814e-13   2.949e-18   5.745e-24   3.452e-24   1.148e-24   4.769e-25   6.861e-25   1.515e-24   1.219e-24   7.314e-25   2.438e-25   2.562e-26   1.954e-26   1.090e-26   2.789e-25   3.243e-25   3.821e-25   8.868e-25   6.161e-25   3.697e-25   1.232e-25   2.394e-26   1.710e-26   1.026e-26   3.580e-25   2.483e-27   3.192e-27   1.773e-27   2.505e-26   3.124e-25   
2.5119e+03   2.000e-05   3.115e-13   2.907e-18   5.899e-24   3.545e-24   1.179e-24   4.538e-25   7.058e-25   1.489e-24   1.240e-24   7.443e-25   2.481e-25   2.647e-26   2.016e-26   1.126e-26   2.726e-25   3.073e-25   3.929e-25   8.690e-25   6.251e-25   3.751e-25   1.250e-25   2.483e-26   1.774e-26   1.064e-26   3.502e-25   2.645e-27   3.400e-27   1.889e-27   2.555e-26   2.955e-25   
2.7123e+03   2.000e-05   3.444e-13   2.855e-18   6.032e-24   3.624e-24   1.206e-24   4.291e-25   7.230e-25   1.457e-24   1.256e-24   7.538e-25   2.513e-25   2.720e-26   2.071e-26   1.158e-26   2.651e-25   2.895e-25   4.021e-25   8.479e-25   6.313e-25   3.788e-25   1.263e-25   2.563e-26   1.831e-26   1.098e-26   3.409e-25   2.805e-27   3.606e-27   2.004e-27   2.597e-26   2.778e-25   
2.9286e+03   2.000e-05   3.798e-13   2.793e-18   6.135e-24   3.686e-24   1.226e-24   4.032e-25   7.370e-25   1.419e-24   1.265e-24   7.593e-25   2.531e-25   2.780e-26   2.114e-26   1.184e-26   2.564e-25   2.707e-25   4.094e-25   8.230e-25   6.338e-25   3.803e-25   1.268e-25   2.630e-26   1.879e-26   1.127e-26   3.299e-25   2.960e-27   3.806e-27   2.114e-27   2.627e-26   2.593e-25   
3.1623e+03   2.000e-05   4.179e-13   2.718e-18   6.202e-24   3.727e-24   1.240e-24   3.760e-25   7.467e-25   1.374e-24   1.266e-24   7.598e-25   2.533e-25   2.823e-26   2.145e-26   1.202e-26   2.464e-25   2.513e-25   4.143e-25   7.941e-25   6.322e-25   3.793e-25   1.264e-25   2.681e-26   1.915e-26   1.149e-26   3.172e-25   3.105e-27   3.992e-27   2.218e-27   2.643e-26   2.401e-25   
3.4145e+03   2.000e-05   4.584e-13   2.630e-18   6.227e-24   3.741e-24   1.245e-24   3.478e-25   7.514e-25   1.322e-24   1.258e-24   7.548e-25   2.516e-25   2.844e-26   2.159e-26   1.211e-26   2.351e-25   2.312e-25   4.162e-25   7.611e-25   6.258e-25   3.755e-25   1.252e-25   2.711e-26   1.937e-26   1.162e-26   3.028e-25   3.234e-27   4.157e-27   2.310e-27   2.642e-26   2.203e-25   
3.6869e+03   2.000e-05   5.009e-13   2.528e-18   6.201e-24   3.725e-24   1.239e-24   3.187e-25   7.502e-25   1.262e-24   1.239e-24   7.433e-25   2.478e-25   2.841e-26   2.155e-26   1.210e-26   2.225e-25   2.108e-25   4.146e-25   7.238e-25   6.141e-25   3.685e-25   1.228e-25   2.718e-26   1.941e-26   1.165e-26   2.866e-25   3.341e-27   4.295e-27   2.386e-27   2.621e-26   2.003e-25   
3.9811e+03   2.000e-05   5.449e-13   2.412e-18   6.118e-24   3.676e-24   1.223e-24   2.892e-25   7.422e-25   1.196e-24   1.208e-24   7.251e-25   2.417e-25   2.809e-26   2.129e-26   1.196e-26   2.086e-25   1.902e-25   4.091e-25   6.823e-25   5.968e-25   3.581e-25   1.194e-25   2.697e-26   1.926e-26   1.156e-26   2.687e-25   3.419e-27   4.395e-27   2.442e-27   2.577e-26   1.801e-25   
4.2987e+03   2.000e-05   5.897e-13   2.281e-18   5.974e-24   3.589e-24   1.194e-24   2.596e-25   7.268e-25   1.122e-24   1.166e-24   6.996e-25   2.332e-25   2.747e-26   2.081e-26   1.170e-26   1.937e-25   1.696e-25   3.994e-25   6.368e-25   5.735e-25   3.441e-25   1.147e-25   2.646e-26   1.890e-26   1.134e-26   2.493e-25   3.462e-27   4.451e-27   2.473e-27   2.509e-26   1.600e-25   
4.6416e+03   2.000e-05   6.344e-13   2.137e-18   5.766e-24   3.464e-24   1.152e-24   2.301e-25   7.034e-25   1.041e-24   1.111e-24   6.668e-25   2.222e-25   2.653e-26   2.009e-26   1.130e-26   1.778e-25   1.493e-25   3.852e-25   5.877e-25   5.443e-25   3.266e-25   1.089e-25   2.563e-26   1.831e-26   1.099e-26   2.285e-25   3.464e-27   4.453e-27   2.474e-27   2.415e-26   1.403e-25   
5.0119e+03   2.000e-05   6.779e-13   1.979e-18   5.492e-24   3.300e-24   1.098e-24   2.013e-25   6.721e-25   9.551e-25   1.045e-24   6.269e-25   2.090e-25   2.526e-26   1.912e-26   1.076e-26   1.611e-25   1.296e-25   3.665e-25   5.356e-25   5.095e-25   3.057e-25   1.019e-25   2.448e-26   1.749e-26   1.049e-26   2.068e-25   3.420e-27   4.397e-27   2.443e-27   2.295e-26   1.213e-25   
5.4117e+03   2.000e-05   7.189e-13   1.811e-18   5.156e-24   3.098e-24   1.031e-24   1.735e-25   6.330e-25   8.643e-25   9.677e-25   5.806e-25   1.935e-25   2.369e-26   1.792e-26   1.009e-26   1.439e-25   1.108e-25   3.435e-25   4.814e-25   4.697e-25   2.818e-25   9.394e-26   2.302e-26   1.645e-26   9.868e-27   1.843e-25   3.327e-27   4.276e-27   2.376e-27   2.150e-26   1.032e-25   
5.8434e+03   2.000e-05   7.561e-13   1.635e-18   4.764e-24   2.862e-24   9.523e-25   1.471e-25   5.867e-25   7.705e-25   8.814e-25   5.289e-25   1.763e-25   2.184e-26   1.652e-26   9.306e-27   1.267e-25   9.316e-26   3.167e-25   4.260e-25   4.257e-25   2.554e-25   8.514e-26   2.128e-26   1.520e-26   9.121e-27   1.617e-25   3.183e-27   4.091e-27   2.273e-27   1.983e-26   8.632e-26   
6.3096e+03   2.000e-05   7.878e-13   1.453e-18   4.325e-24   2.598e-24   8.645e-25   1.227e-25   5.343e-25   6.757e-25   7.883e-25   4.730e-25   1.577e-25   1.977e-26   1.495e-26   8.422e-27   1.096e-25   7.691e-26   2.867e-25   3.705e-25   3.787e-25   2.272e-25   7.575e-26   1.930e-26   1.379e-26   8.272e-27   1.394e-25   2.990e-27   3.844e-27   2.135e-27   1.797e-26   7.087e-26   
6.8129e+03   2.000e-05   8.125e-13   1.271e-18   3.852e-24   2.314e-24   7.699e-25   1.003e-25   4.773e-25   5.818e-25   6.911e-25   4.147e-25   1.382e-25   1.753e-26   1.325e-26   7.469e-27   9.304e-26   6.225e-26   2.544e-25   3.163e-25   3.302e-25   1.981e-25   6.604e-26   1.715e-26   1.225e-26   7.349e-27   1.179e-25   2.754e-27   3.540e-27   1.967e-27   1.597e-26   5.701e-26   
7.3564e+03   2.000e-05   8.289e-13   1.091e-18   3.359e-24   2.018e-24   6.714e-25   8.042e-26   4.176e-25   4.911e-25   5.928e-25   3.557e-25   1.186e-25   1.521e-26   1.149e-26   6.478e-27   7.743e-26   4.931e-26   2.209e-25   2.644e-25   2.815e-25   1.689e-25   5.631e-26   1.490e-26   1.064e-26   6.384e-27   9.756e-26   2.482e-27   3.191e-27   1.772e-27   1.390e-26   4.487e-26   
7.9433e+03   2.000e-05   8.357e-13   9.183e-19   2.863e-24   1.720e-24   5.724e-25   6.305e-26   3.571e-25   4.056e-25   4.966e-25   2.980e-25   9.933e-26   1.288e-26   9.729e-27   5.486e-27   6.304e-26   3.816e-26   1.873e-25   2.162e-25   2.344e-25   1.406e-25   4.687e-26   1.263e-26   9.022e-27   5.413e-27   7.892e-26   2.185e-27   2.808e-27   1.560e-27   1.182e-26   3.448e-26   
8.5770e+03   2.000e-05   8.321e-13   7.564e-19   2.382e-24   1.431e-24   4.762e-25   4.828e-26   2.980e-25   3.272e-25   4.056e-25   2.434e-25   8.112e-26   1.063e-26   8.027e-27   4.527e-27   5.012e-26   2.881e-26   1.548e-25   1.725e-25   1.901e-25   1.141e-25   3.802e-26   1.043e-26   7.450e-27   4.470e-27   6.228e-26   1.875e-27   2.410e-27   1.339e-27   9.804e-27   2.584e-26   
9.2612e+03   2.000e-05   8.175e-13   6.087e-19   1.930e-24   1.160e-24   3.858e-25   3.606e-26   2.422e-25   2.572e-25   3.223e-25   1.934e-25   6.446e-26   8.529e-27   6.442e-27   3.634e-27   3.885e-26   2.118e-26   1.244e-25   1.340e-25   1.500e-25   8.998e-26   2.999e-26   8.372e-27   5.981e-27   3.588e-27   4.785e-26   1.565e-27   2.012e-27   1.118e-27   7.916e-27   1.884e-26   
1.0000e+04   2.000e-05   7.921e-13   4.778e-19   1.521e-24   9.135e-25   3.040e-25   2.622e-26   1.913e-25   1.968e-25   2.487e-25   1.492e-25   4.974e-26   6.644e-27   5.018e-27   2.831e-27   2.930e-26   1.513e-26   9.714e-26   1.012e-25   1.148e-25   6.888e-26   2.296e-26   6.521e-27   4.658e-27   2.795e-27   3.573e-26   1.269e-27   1.631e-27   9.061e-28   6.209e-27   1.334e-26   
1.0798e+04   2.000e-05   7.564e-13   3.652e-19   1.163e-24   6.985e-25   2.324e-25   1.853e-26   1.466e-25   1.461e-25   1.860e-25   1.116e-25   3.719e-26   5.014e-27   3.787e-27   2.136e-27   2.147e-26   1.048e-26   7.348e-26   7.417e-26   8.513e-26   5.108e-26   1.703e-26   4.917e-27   3.512e-27   2.107e-27   2.587e-26   9.967e-28   1.281e-27   7.118e-28   4.721e-27   9.159e-27   
1.1659e+04   2.000e-05   7.116e-13   2.713e-19   8.614e-25   5.174e-25   1.722e-25   1.272e-26   1.088e-25   1.052e-25   1.345e-25   8.070e-26   2.690e-26   3.659e-27   2.763e-27   1.559e-27   1.525e-26   7.033e-27   5.374e-26   5.261e-26   6.101e-26   3.660e-26   1.220e-26   3.582e-27   2.559e-27   1.535e-27   1.814e-26   7.571e-28   9.733e-28   5.407e-28   3.472e-27   6.086e-27   
1.2589e+04   2.000e-05   6.592e-13   1.956e-19   6.171e-25   3.707e-25   1.234e-25   8.456e-27   7.803e-26   7.319e-26   9.390e-26   5.634e-26   1.878e-26   2.576e-27   1.945e-27   1.097e-27   1.048e-26   4.562e-27   3.793e-26   3.605e-26   4.217e-26   2.530e-26   8.435e-27   2.516e-27   1.797e-27   1.078e-27   1.228e-26   5.551e-28   7.135e-28   3.964e-28   2.466e-27   3.906e-27   
1.3594e+04   2.000e-05   6.011e-13   1.367e-19   4.268e-25   2.564e-25   8.531e-26   5.443e-27   5.400e-26   4.917e-26   6.316e-26   3.790e-26   1.263e-26   1.746e-27   1.318e-27   7.439e-28   6.959e-27   2.855e-27   2.578e-26   2.382e-26   2.807e-26   1.684e-26   5.613e-27   1.701e-27   1.215e-27   7.288e-28   8.018e-27   3.919e-28   5.037e-28   2.799e-28   1.687e-27   2.417e-27   
1.4678e+04   2.000e-05   5.394e-13   9.243e-20   2.845e-25   1.709e-25   5.687e-26   3.386e-27   3.598e-26   3.182e-26   4.085e-26   2.451e-26   8.170e-27   1.138e-27   8.590e-28   4.847e-28   4.455e-27   1.722e-27   1.684e-26   1.514e-26   1.794e-26   1.077e-26   3.589e-27   1.104e-27   7.884e-28   4.730e-28   5.038e-27   2.659e-28   3.418e-28   1.899e-28   1.110e-27   1.440e-27   
1.5849e+04   2.000e-05   4.762e-13   6.037e-20   1.825e-25   1.096e-25   3.648e-26   2.034e-27   2.304e-26   1.979e-26   2.536e-26   1.521e-26   5.071e-27   7.110e-28   5.369e-28   3.029e-28   2.745e-27   9.986e-28   1.055e-26   9.244e-27   1.100e-26   6.599e-27   2.200e-27   6.864e-28   4.904e-28   2.942e-28   3.041e-27   1.730e-28   2.224e-28   1.236e-28   7.002e-28   8.246e-28   
1.7113e+04   2.000e-05   4.134e-13   3.804e-20   1.124e-25   6.753e-26   2.248e-26   1.178e-27   1.416e-26   1.182e-26   1.508e-26   9.047e-27   3.015e-27   4.254e-28   3.212e-28   1.813e-28   1.625e-27   5.561e-28   6.324e-27   5.409e-27   6.451e-27   3.870e-27   1.290e-27   4.083e-28   2.917e-28   1.750e-28   1.760e-27   1.077e-28   1.385e-28   7.694e-29   4.230e-28   4.529e-28   
1.8478e+04   2.000e-05   3.529e-13   2.309e-20   6.646e-26   3.991e-26   1.329e-26   6.566e-28   8.328e-27   6.756e-27   8.571e-27   5.143e-27   1.714e-27   2.433e-28   1.837e-28   1.036e-28   9.221e-28   2.968e-28   3.622e-27   3.027e-27   3.613e-27   2.168e-27   7.227e-28   2.318e-28   1.656e-28   9.933e-29   9.743e-28   6.406e-29   8.235e-29   4.575e-29   2.442e-28   2.382e-28   
1.9953e+04   2.000e-05   2.960e-13   1.348e-20   3.761e-26   2.259e-26   7.520e-27   3.520e-28   4.683e-27   3.691e-27   4.649e-27   2.790e-27   9.299e-28   1.326e-28   1.001e-28   5.651e-29   5.007e-28   1.516e-28   1.977e-27   1.617e-27   1.929e-27   1.157e-27   3.858e-28   1.253e-28   8.951e-29   5.370e-29   5.152e-28   3.629e-29   4.665e-29   2.592e-29   1.343e-28   1.198e-28   
2.1544e+04   2.000e-05   2.439e-13   7.552e-21   2.035e-26   1.222e-26   4.069e-27   1.811e-28   2.511e-27   1.923e-27   2.401e-27   1.441e-27   4.803e-28   6.882e-29   5.195e-29   2.932e-29   2.596e-28   7.399e-29   1.026e-27   8.223e-28   9.792e-28   5.875e-28   1.958e-28   6.437e-29   4.598e-29   2.759e-29   2.596e-28   1.954e-29   2.512e-29   1.396e-29   7.030e-29   5.746e-29   
2.3263e+04   2.000e-05   1.973e-13   4.054e-21   1.051e-26   6.309e-27   2.100e-27   8.923e-29   1.281e-27   9.531e-28   1.178e-27   7.069e-28   2.356e-28   3.390e-29   2.559e-29   1.444e-29   1.282e-28   3.440e-29   5.055e-28   3.973e-28   4.716e-28   2.829e-28   9.431e-29   3.135e-29   2.239e-29   1.344e-29   1.243e-28   9.975e-30   1.282e-29   7.124e-30   3.489e-29   2.623e-29   
2.5119e+04   2.000e-05   1.566e-13   2.080e-21   5.163e-27   3.101e-27   1.032e-27   4.203e-29   6.204e-28   4.480e-28   5.478e-28   3.287e-28   1.095e-28   1.581e-29   1.193e-29   6.738e-30   6.013e-29   1.520e-29   2.355e-28   1.818e-28   2.149e-28   1.289e-28   4.298e-29   1.443e-29   1.031e-29   6.186e-30   5.646e-29   4.812e-30   6.186e-30   3.437e-30   1.638e-29   1.137e-29   
2.7123e+04   2.000e-05   1.218e-13   1.017e-21   2.410e-27   1.447e-27   4.818e-28   1.886e-29   2.843e-28   1.992e-28   2.406e-28   1.443e-28   4.811e-29   6.965e-30   5.254e-30   2.968e-30   2.669e-29   6.368e-30   1.035e-28   7.858e-29   9.237e-29   5.542e-29   1.847e-29   6.264e-30   4.475e-30   2.685e-30   2.423e-29   2.187e-30   2.812e-30   1.562e-30   7.252e-30   4.661e-30   
2.9286e+04   2.000e-05   9.267e-14   4.728e-22   1.065e-27   6.393e-28   2.129e-28   8.043e-30   1.228e-28   8.343e-29   9.948e-29   5.969e-29   1.990e-29   2.887e-30   2.177e-30   1.230e-30   1.118e-29   2.519e-30   4.271e-29   3.195e-29   3.733e-29   2.240e-29   7.465e-30   2.554e-30   1.824e-30   1.094e-30   9.791e-30   9.330e-31   1.199e-30   6.663e-31   3.016e-30   1.802e-30   
3.1623e+04   2.000e-05   6.895e-14   2.081e-22   4.440e-28   2.665e-28   8.876e-29   3.245e-30   4.985e-29   3.280e-29   3.858e-29   2.315e-29   7.715e-30   1.121e-30   8.450e-31   4.778e-31   4.395e-30   9.369e-31   1.650e-29   1.217e-29   1.412e-29   8.474e-30   2.825e-30   9.739e-31   6.957e-31   4.174e-31   3.710e-30   3.720e-31   4.782e-31   2.657e-31   1.173e-30   6.539e-31   
3.4145e+04   2.000e-05   5.007e-14   8.635e-23   1.740e-28   1.044e-28   3.479e-29   1.234e-30   1.892e-29   1.204e-29   1.397e-29   8.380e-30   2.793e-30   4.065e-31   3.061e-31   1.732e-31   1.616e-30   3.262e-31   5.939e-30   4.325e-30   4.981e-30   2.989e-30   9.962e-31   3.459e-31   2.471e-31   1.483e-31   1.312e-30   1.380e-31   1.774e-31   9.856e-32   4.251e-31   2.217e-31   
3.6869e+04   2.000e-05   3.543e-14   3.364e-23   6.380e-29   3.830e-29   1.276e-29   4.400e-31   6.684e-30   4.110e-30   4.697e-30   2.818e-30   9.395e-31   1.368e-31   1.030e-31   5.830e-32   5.522e-31   1.058e-31   1.981e-30   1.426e-30   1.629e-30   9.774e-31   3.258e-31   1.139e-31   8.134e-32   4.880e-32   4.307e-31   4.738e-32   6.091e-32   3.384e-32   1.427e-31   6.984e-32   
3.9811e+04   2.000e-05   2.438e-14   1.224e-23   2.179e-29   1.308e-29   4.356e-30   1.464e-31   2.185e-30   1.296e-30   1.459e-30   8.755e-31   2.918e-31   4.251e-32   3.196e-32   1.812e-32   1.744e-31   3.173e-32   6.086e-31   4.333e-31   4.912e-31   2.947e-31   9.824e-32   3.453e-32   2.466e-32   1.480e-32   1.305e-31   1.497e-32   1.924e-32   1.069e-32   4.410e-32   2.032e-32   
4.2987e+04   2.000e-05   1.628e-14   4.137e-24   6.889e-30   4.135e-30   1.377e-30   4.516e-32   6.569e-31   3.751e-31   4.161e-31   2.496e-31   8.321e-32   1.212e-32   9.104e-33   5.165e-33   5.060e-32   8.756e-33   1.712e-31   1.207e-31   1.357e-31   8.141e-32   2.714e-32   9.584e-33   6.847e-33   4.108e-33   3.623e-32   4.323e-33   5.557e-33   3.087e-33   1.247e-32   5.424e-33   
4.6416e+04   2.000e-05   1.053e-14   1.291e-24   2.005e-30   1.203e-30   4.009e-31   1.284e-32   1.804e-31   9.898e-32   1.081e-31   6.488e-32   2.163e-32   3.148e-33   2.362e-33   1.342e-33   1.338e-32   2.206e-33   4.377e-32   3.057e-32   3.409e-32   2.045e-32   6.818e-33   2.419e-33   1.728e-33   1.037e-33   9.157e-33   1.133e-33   1.457e-33   8.094e-34   3.206e-33   1.318e-33   
5.0119e+04   2.000e-05   6.574e-15   3.692e-25   5.336e-31   3.203e-31   1.067e-31   3.343e-33   4.494e-32   2.364e-32   2.543e-32   1.526e-32   5.086e-33   7.395e-34   5.544e-34   3.153e-34   3.204e-33   5.036e-34   1.009e-32   6.990e-33   7.732e-33   4.639e-33   1.546e-33   5.506e-34   3.933e-34   2.360e-34   2.090e-33   2.677e-34   3.441e-34   1.912e-34   7.428e-34   2.896e-34   
5.4117e+04   2.000e-05   3.953e-15   9.612e-26   1.289e-31   7.737e-32   2.578e-32   7.910e-34   1.007e-32   5.064e-33   5.365e-33   3.219e-33   1.073e-33   1.558e-34   1.167e-34   6.644e-35   6.880e-34   1.033e-34   2.082e-33   1.430e-33   1.569e-33   9.416e-34   3.139e-34   1.121e-34   8.010e-35   4.805e-35   4.270e-34   5.647e-35   7.259e-35   4.033e-35   1.539e-34   5.699e-35   
5.8434e+04   2.000e-05   2.283e-15   2.260e-26   2.805e-32   1.684e-32   5.610e-33   1.687e-34   2.011e-33   9.647e-34   1.006e-33   6.039e-34   2.013e-34   2.918e-35   2.182e-35   1.245e-35   1.314e-34   1.885e-35   3.804e-34   2.595e-34   2.825e-34   1.695e-34   5.649e-35   2.024e-35   1.446e-35   8.673e-36   7.738e-35   1.054e-35   1.355e-35   7.529e-36   2.823e-35   9.953e-36   
6.3096e+04   2.000e-05   1.262e-15   4.757e-27   5.451e-33   3.271e-33   1.090e-33   3.216e-35   3.549e-34   1.618e-34   1.662e-34   9.974e-35   3.325e-35   4.811e-36   3.591e-36   2.052e-36   2.209e-35   3.033e-36   6.098e-35   4.132e-35   4.463e-35   2.678e-35   8.926e-36   3.205e-36   2.290e-36   1.374e-36   1.231e-35   1.725e-36   2.217e-36   1.232e-36   4.542e-36   1.527e-36   
6.8129e+04   2.000e-05   6.651e-16   8.886e-28   9.378e-34   5.628e-34   1.875e-34   5.433e-36   5.481e-35   2.368e-35   2.396e-35   1.438e-35   4.792e-36   6.918e-37   5.156e-37   2.952e-37   3.239e-36   4.262e-37   8.497e-36   5.723e-36   6.135e-36   3.681e-36   1.227e-36   4.414e-37   3.153e-37   1.892e-37   1.704e-36   2.450e-37   3.149e-37   1.750e-37   6.351e-37   2.040e-37   
7.3564e+04   2.000e-05   3.332e-16   1.458e-28   1.413e-34   8.480e-35   2.826e-35   8.045e-37   7.319e-36   2.985e-36   2.975e-36   1.785e-36   5.950e-37   8.569e-38   6.376e-38   3.657e-38   4.092e-37   5.165e-38   1.016e-36   6.803e-37   7.240e-37   4.344e-37   1.448e-37   5.218e-38   3.727e-38   2.236e-38   2.025e-37   2.983e-38   3.834e-38   2.130e-38   7.616e-38   2.342e-38   
7.9433e+04   2.000e-05   1.579e-16   2.077e-29   1.845e-35   1.107e-35   3.690e-36   1.033e-37   8.351e-37   3.203e-37   3.145e-37   1.887e-37   6.289e-38   9.032e-39   6.709e-39   3.855e-39   4.399e-38   5.333e-39   1.029e-37   6.856e-38   7.246e-38   4.348e-38   1.449e-38   5.229e-39   3.735e-39   2.241e-39   2.040e-38   3.074e-39   3.951e-39   2.195e-39   7.737e-39   2.282e-39   
8.5770e+04   2.000e-05   7.054e-17   2.540e-30   2.062e-36   1.237e-36   4.124e-37   1.136e-38   8.031e-38   2.884e-38   2.789e-38   1.674e-38   5.579e-39   7.988e-40   5.921e-40   3.410e-40   3.967e-39   4.623e-40   8.707e-39   5.772e-39   6.059e-39   3.635e-39   1.212e-39   4.376e-40   3.126e-40   1.876e-40   1.717e-39   2.642e-40   3.397e-40   1.887e-40   6.562e-40   1.858e-40   
9.2612e+04   2.000e-05   2.954e-17   2.634e-31   1.948e-37   1.169e-37   3.895e-38   1.056e-39   6.423e-39   2.150e-39   2.049e-39   1.229e-39   4.098e-40   5.848e-41   4.327e-41   2.497e-41   2.961e-40   3.321e-41   6.069e-40   4.004e-40   4.177e-40   2.506e-40   8.354e-41   3.019e-41   2.157e-41   1.294e-41   1.191e-40   1.870e-41   2.403e-41   1.335e-41   4.584e-41   1.249e-41   
1.0000e+05   2.000e-05   1.154e-17   2.288e-32   1.538e-38   9.228e-39   3.076e-39   8.223e-41   4.232e-40   1.316e-40   1.237e-40   7.422e-41   2.474e-41   3.519e-42   2.599e-42   1.503e-42   1.815e-41   1.965e-42   3.465e-41   2.277e-41   2.363e-41   1.418e-41   4.725e-42   1.708e-42   1.220e-42   7.321e-43   6.773e-42   1.081e-42   1.390e-42   7.723e-43   2.622e-42   6.907e-43   
1.0798e+05   2.000e-05   4.184e-18   1.657e-33   1.014e-39   6.083e-40   2.027e-40   5.350e-42   2.313e-41   6.698e-42   6.220e-42   3.732e-42   1.244e-42   1.764e-43   1.300e-43   7.535e-44   9.245e-43   9.713e-44   1.649e-42   1.081e-42   1.116e-42   6.698e-43   2.233e-43   8.074e-44   5.768e-44   3.460e-44   3.215e-43   5.203e-44   6.688e-44   3.716e-44   1.250e-43   3.205e-44   
1.1659e+05   2.000e-05   1.399e-18   9.635e-35   5.308e-41   3.185e-41   1.061e-41   2.761e-43   9.608e-43   2.521e-43   2.299e-43   1.380e-43   4.599e-44   6.491e-45   4.772e-45   2.774e-45   3.484e-44   3.493e-45   5.593e-44   3.642e-44   3.730e-44   2.238e-44   7.460e-45   2.700e-45   1.929e-45   1.157e-45   1.083e-44   1.798e-45   2.312e-45   1.284e-45   4.249e-45   1.031e-45   
1.2589e+05   2.000e-05   4.285e-19   4.560e-36   2.291e-42   1.375e-42   4.582e-43   1.180e-44   3.486e-44   8.806e-45   8.025e-45   4.815e-45   1.605e-45   2.264e-46   1.664e-46   9.674e-47   1.217e-45   1.220e-46   1.930e-45   1.259e-45   1.293e-45   7.756e-46   2.585e-46   9.353e-47   6.681e-47   4.008e-47   3.745e-46   6.174e-47   7.936e-47   4.409e-47   1.465e-46   3.613e-47   
1.3594e+05   2.000e-05   1.194e-19   1.633e-37   7.292e-44   4.375e-44   1.458e-44   3.711e-46   8.597e-46   2.123e-46   1.980e-46   1.188e-46   3.960e-47   5.598e-48   4.124e-48   2.391e-48   2.924e-47   3.202e-48   5.057e-47   3.384e-47   3.581e-47   2.149e-47   7.163e-48   2.566e-48   1.833e-48   1.100e-48   1.011e-47   1.515e-48   1.948e-48   1.082e-48   3.789e-48   1.157e-48   
1.4678e+05   2.000e-05   3.007e-20   4.294e-39   1.560e-45   9.358e-46   3.119e-46   7.699e-48   4.421e-48   1.000e-99   1.000e-99   1.000e-99   1.000e-99   1.000e-99   1.000e-99   1.000e-99   1.000e-99   1.000e-99   1.000e-99   1.000e-99   1.000e-99   1.000e-99   1.000e-99   1.000e-99   1.000e-99   1.000e-99   1.000e-99   1.000e-99   1.000e-99   1.000e-99   1.000e-99   1.765e-52   
1.5849e+05   2.000e-05   6.781e-21   7.717e-41   1.634e-47   9.808e-48   3.267e-48   6.917e-50   1.000e-99   1.000e-99   1.000e-99   1.000e-99   1.000e-99   1.000e-99   1.000e-99   1.000e-99   1.000e-99   1.000e-99   1.000e-99   1.000e-99   1.000e-99   1.000e-99   1.000e-99   1.000e-99   1.000e-99   1.000e-99   1.000e-99   1.000e-99   1.000e-99   1.000e-99   1.000e-99   1.000e-99   
1.7113e+05   2.000e-05   1.358e-21   1.147e-42   1.120e-49   2.655e-50   5.282e-52   1.000e-99   1.000e-99   1.000e-99   1.000e-99   1.000e-99   1.000e-99   1.000e-99   1.000e-99   1.000e-99   1.000e-99   1.000e-99   1.000e-99   1.000e-99   1.000e-99   1.000e-99   1.000e-99   1.000e-99   1.000e-99   1.000e-99   1.000e-99   1.000e-99   1.000e-99   1.000e-99   1.000e-99   1.000e-99   
1.8478e+05   2.000e-05   2.392e-22   1.000e-99   1.000e-99   1.000e-99   1.000e-99   1.000e-99   1.000e-99   1.000e-99   1.000e-99   1.000e-99   1.000e-99   1.000e-99   1.000e-99   1.000e-99   1.000e-99   1.000e-99   1.000e-99   1.000e-99   1.000e-99   1.000e-99   1.000e-99   1.000e-99   1.000e-99   1.000e-99   1.000e-99   1.000e-99   1.000e-99   1.000e-99   1.000e-99   1.000e-99   
1.9953e+05   2.000e-05   3.670e-23   3.266e-42   7.363e-48   3.608e-48   1.804e-48   8.742e-49   1.107e-48   2.530e-48   1.468e-48   1.204e-48   3.767e-49   2.536e-50   2.764e-50   1.425e-50   4.143e-49   5.845e-49   2.850e-49   1.078e-48   1.101e-48   5.098e-49   2.275e-49   3.004e-50   2.399e-50   1.192e-50   4.749e-49   4.318e-52   1.000e-99   1.000e-99   3.014e-50   5.141e-49   
2.1544e+05   2.000e-05   4.848e-24   1.000e-99   1.000e-99   1.000e-99   1.000e-99   1.000e-99   1.000e-99   1.000e-99   1.000e-99   1.000e-99   1.000e-99   1.000e-99   1.000e-99   1.000e-99   1.000e-99   1.000e-99   1.000e-99   1.000e-99   1.000e-99   1.000e-99   1.000e-99   1.000e-99   1.000e-99   1.000e-99   1.000e-99   1.000e-99   1.000e-99   9.809e-52   1.000e-99   1.000e-99   
2.3263e+05   2.000e-05   5.448e-25   1.000e-99   1.000e-99   1.000e-99   1.000e-99   6.885e-51   1.000e-99   1.000e-99   1.000e-99   1.000e-99   1.000e-99   1.000e-99   1.000e-99   1.000e-99   1.000e-99   2.059e-49   1.000e-99   1.000e-99   1.000e-99   1.000e-99   1.000e-99   1.000e-99   1.000e-99   1.000e-99   1.000e-99   1.000e-99   1.000e-99   1.000e-99   1.000e-99   7.188e-50   
2.5119e+05   2.000e-05   5.144e-26   1.000e-99   1.000e-99   1.000e-99   1.000e-99   1.000e-99   1.000e-99   1.000e-99   1.000e-99   1.000e-99   1.000e-99   1.000e-99   1.000e-99   1.000e-99   1.000e-99   1.000e-99   1.000e-99   1.000e-99   1.000e-99   1.000e-99   1.000e-99   1.000e-99   1.000e-99   1.000e-99   1.000e-99   1.000e-99   1.000e-99   1.000e-99   1.000e-99   8.465e-51   
2.7123e+05   2.000e-05   4.023e-27   1.988e-43   1.043e-48   6.268e-49   2.085e-49   1.000e-99   1.322e-49   9.629e-50   1.817e-49   1.090e-49   3.633e-50   5.387e-51   4.048e-51   2.296e-51   9.829e-51   1.000e-99   7.588e-50   4.821e-50   8.552e-50   5.131e-50   1.710e-50   5.620e-51   4.015e-51   2.409e-51   1.333e-50   8.746e-52   1.124e-51   6.246e-52   4.506e-51   1.000e-99   
2.9286e+05   2.000e-05   2.567e-28   1.000e-99   1.000e-99   1.000e-99   1.000e-99   1.478e-51   1.000e-99   1.000e-99   1.000e-99   1.000e-99   1.000e-99   1.000e-99   1.000e-99   1.000e-99   2.036e-52   1.128e-51   1.000e-99   1.000e-99   1.000e-99   1.000e-99   1.000e-99   1.000e-99   1.000e-99   1.000e-99   5.615e-52   1.000e-99   1.000e-99   1.000e-99   1.000e-99   1.156e-51   
3.1623e+05   2.000e-05   1.316e-29   1.000e-99   1.000e-99   1.000e-99   1.000e-99   1.000e-99   1.000e-99   1.000e-99   1.000e-99   1.000e-99   1.000e-99   1.000e-99   1.000e-99   1.000e-99   1.000e-99   1.000e-99   1.000e-99   1.000e-99   1.000e-99   1.000e-99   1.000e-99   1.000e-99   1.000e-99   1.000e-99   1.000e-99   1.000e-99   1.000e-99   1.000e-99   1.000e-99   8.335e-54   
3.4145e+05   2.000e-05   5.318e-31   1.000e-99   1.000e-99   1.000e-99   1.000e-99   3.197e-54   1.000e-99   1.000e-99   1.000e-99   1.000e-99   1.000e-99   1.000e-99   1.000e-99   1.000e-99   1.000e-99   2.755e-54   1.000e-99   1.000e-99   1.000e-99   1.000e-99   1.000e-99   1.000e-99   1.000e-99   1.000e-99   1.000e-99   1.000e-99   1.000e-99   1.000e-99   1.000e-99   2.886e-54   
3.6869e+05   2.000e-05   1.665e-32   2.937e-48   1.648e-53   9.904e-54   3.295e-54   1.000e-99   2.131e-54   1.704e-54   2.948e-54   1.769e-54   5.895e-55   9.095e-56   6.851e-56   3.876e-56   1.621e-55   1.000e-99   1.309e-54   8.639e-55   1.395e-54   8.372e-55   2.791e-55   9.876e-56   7.055e-56   4.233e-56   2.229e-55   1.533e-56   1.971e-56   1.095e-56   7.961e-56   1.000e-99   
3.9811e+05   2.000e-05   3.959e-34   2.324e-42   4.173e-48   2.636e-48   8.301e-49   4.375e-49   5.107e-49   1.194e-48   9.011e-49   5.417e-49   1.781e-49   1.874e-50   1.438e-50   8.053e-51   2.301e-49   3.205e-49   2.596e-49   7.606e-49   4.565e-49   2.759e-49   8.624e-50   1.739e-50   1.226e-50   7.387e-51   2.708e-49   1.856e-51   2.496e-51   1.369e-51   1.875e-50   2.981e-49   
4.2987e+05   2.000e-05   9.562e-36   1.000e-99   1.000e-99   1.000e-99   1.000e-99   1.000e-99   1.000e-99   1.000e-99   1.000e-99   1.000e-99   1.000e-99   1.000e-99   1.000e-99   1.000e-99   1.000e-99   1.000e-99   1.000e-99   1.000e-99   1.000e-99   1.000e-99   1.000e-99   1.000e-99   1.000e-99   1.000e-99   1.000e-99   1.000e-99   1.000e-99   1.000e-99   1.000e-99   1.000e-99   
4.6416e+05   2.000e-05   2.371e-37   1.000e-99   6.474e-50   1.762e-49   7.571e-50   1.000e-99   4.021e-50   1.000e-99   1.000e-99   1.000e-99   1.242e-50   1.831e-51   2.020e-51   2.505e-52   1.000e-99   1.000e-99   3.861e-50   1.000e-99   1.000e-99   1.601e-50   1.000e-99   4.437e-51   2.372e-51   2.113e-51   1.000e-99   6.048e-52   8.325e-52   4.677e-52   1.763e-51   1.000e-99   
5.0119e+05   2.000e-05   1.228e-36   3.773e-43   3.905e-48   2.174e-48   7.807e-49   1.000e-99   4.792e-49   1.541e-49   5.180e-49   3.165e-49   1.089e-49   1.734e-50   1.321e-50   7.223e-51   1.000e-99   1.000e-99   2.503e-49   9.705e-50   2.246e-49   1.512e-49   3.917e-50   1.719e-50   1.267e-50   7.461e-51   1.121e-50   4.254e-51   5.516e-51   3.086e-51   1.560e-50   1.000e-99   
5.4117e+05   2.000e-05   1.362e-37   1.000e-99   1.000e-99   1.000e-99   1.000e-99   1.000e-99   1.000e-99   1.000e-99   1.000e-99   1.000e-99   1.000e-99   1.000e-99   1.000e-99   1.000e-99   1.000e-99   1.000e-99   1.000e-99   1.000e-99   1.000e-99   1.000e-99   1.000e-99   1.000e-99   1.000e-99   1.000e-99   1.000e-99   1.000e-99   1.000e-99   1.000e-99   1.000e-99   1.000e-99   
5.8434e+05   2.000e-05   1.000e-99   1.580e-44   8.331e-50   5.004e-50   1.665e-50   1.000e-99   1.156e-50   5.601e-51   1.078e-50   6.470e-51   2.157e-51   3.838e-52   2.894e-52   1.635e-52   1.819e-52   1.000e-99   5.842e-51   1.763e-51   4.302e-51   2.581e-51   8.604e-52   4.099e-52   2.928e-52   1.757e-52   1.000e-99   1.146e-52   1.473e-52   8.184e-53   3.931e-52   1.000e-99   
6.3096e+05   2.000e-05   1.000e-99   1.000e-99   1.000e-99   1.000e-99   1.000e-99   1.000e-99   1.000e-99   1.000e-99   1.000e-99   1.000e-99   1.000e-99   1.000e-99   1.000e-99   1.000e-99   1.000e-99   1.000e-99   1.000e-99   1.000e-99   1.000e-99   1.000e-99   1.000e-99   1.000e-99   1.000e-99   1.000e-99   1.000e-99   1.000e-99   1.000e-99   1.000e-99   1.000e-99   1.000e-99   
6.8129e+05   2.000e-05   2.948e-37   1.000e-99   1.000e-99   1.000e-99   1.000e-99   1.000e-99   1.000e-99   1.000e-99   2.442e-50   1.000e-99   1.000e-99   1.000e-99   1.000e-99   1.000e-99   1.000e-99   1.534e-50   1.000e-99   1.000e-99   1.619e-50   1.000e-99   1.000e-99   1.000e-99   1.000e-99   1.000e-99   4.860e-51   1.000e-99   1.000e-99   1.000e-99   1.000e-99   1.000e-99   
7.3564e+05   2.000e-05   1.269e-37   1.000e-99   1.000e-99   1.000e-99   1.000e-99   1.000e-99   1.000e-99   1.000e-99   1.000e-99   1.000e-99   1.000e-99   1.000e-99   1.000e-99   1.000e-99   1.000e-99   1.000e-99   1.000e-99   1.000e-99   1.000e-99   1.000e-99   1.000e-99   1.000e-99   1.000e-99   1.000e-99   1.000e-99   1.000e-99   1.000e-99   1.000e-99   1.000e-99   1.000e-99   
7.9433e+05   2.000e-05   7.707e-39   1.000e-99   1.000e-99   1.000e-99   1.000e-99   1.000e-99   1.000e-99   1.000e-99   1.000e-99   1.000e-99   1.000e-99   1.000e-99   1.000e-99   1.000e-99   1.000e-99   1.000e-99   1.000e-99   1.000e-99   1.000e-99   1.000e-99   1.000e-99   1.000e-99   1.000e-99   1.000e-99   1.000e-99   1.000e-99   1.000e-99   1.000e-99   1.000e-99   1.000e-99   
8.5770e+05   2.000e-05   1.075e-37   3.983e-43   1.172e-48   7.076e-49   2.244e-49   3.965e-50   1.401e-49   1.815e-49   2.304e-49   1.296e-49   4.737e-50   5.400e-51   4.101e-51   2.283e-51   3.327e-50   2.953e-50   7.905e-50   1.085e-49   1.193e-49   6.603e-50   2.090e-50   5.227e-51   3.552e-51   2.354e-51   3.819e-50   7.329e-52   9.058e-52   5.113e-52   4.927e-51   2.752e-50   
9.2612e+05   2.000e-05   1.029e-37   2.004e-42   5.409e-48   2.958e-48   1.006e-48   2.096e-49   5.571e-49   7.489e-49   8.634e-49   5.908e-49   1.948e-49   2.331e-50   1.752e-50   1.017e-50   1.280e-49   1.294e-49   3.443e-49   5.732e-49   4.886e-49   2.796e-49   9.309e-50   2.226e-50   1.561e-50   1.056e-50   2.078e-49   2.804e-51   3.834e-51   1.993e-51   2.102e-50   1.605e-49   
