!Excitation of vibrational states of the ground electronic state,
!First parameter - pure rotational excitation [cm-3 s-1], from v= 0, j = 0 or j = 1, to level with j > 1
!For each vibration state (0,1,...14) two parameters:
!1. Vibrational excitation rate, vi -> vf, vi < vf (within the ground electronic state) [cm-3 s-1],
!2. Excitation rate of vibration state through electronic excitation [cm-3 s-1],
!H nuclei concentration [cm-3], nb of times,
! 2.000e+04      151    
!time(s)    rot           0           0             1           1             2           2             3           3             4           4             5           5             6           6             7           7             8           8             9           9             10          10            11          11            12          12            13          13            14          14            
0.000e+00   3.993e-07     0.000e+00   6.232e-07     0.000e+00   4.001e-07     0.000e+00   3.572e-07     0.000e+00   3.670e-07     0.000e+00   3.571e-07     0.000e+00   3.514e-07     0.000e+00   3.124e-07     0.000e+00   2.636e-07     0.000e+00   2.240e-07     0.000e+00   1.905e-07     0.000e+00   1.654e-07     0.000e+00   1.497e-07     0.000e+00   1.379e-07     0.000e+00   1.195e-07     0.000e+00   8.354e-08     
1.000e+01   4.056e-07     0.000e+00   6.229e-07     1.115e-09   4.000e-07     8.290e-11   3.571e-07     9.576e-12   3.669e-07     1.632e-12   3.569e-07     5.320e-13   3.513e-07     3.243e-13   3.123e-07     1.992e-13   2.635e-07     1.147e-13   2.239e-07     8.723e-14   1.904e-07     8.069e-14   1.654e-07     7.053e-14   1.497e-07     5.342e-14   1.379e-07     3.389e-14   1.195e-07     1.435e-14   8.352e-08     
1.080e+01   4.060e-07     0.000e+00   6.229e-07     1.204e-09   4.000e-07     8.951e-11   3.571e-07     1.034e-11   3.669e-07     1.762e-12   3.569e-07     5.745e-13   3.513e-07     3.502e-13   3.123e-07     2.151e-13   2.635e-07     1.238e-13   2.239e-07     9.419e-14   1.904e-07     8.713e-14   1.654e-07     7.616e-14   1.497e-07     5.769e-14   1.379e-07     3.659e-14   1.195e-07     1.550e-14   8.352e-08     
1.166e+01   4.066e-07     0.000e+00   6.229e-07     1.300e-09   3.999e-07     9.666e-11   3.571e-07     1.117e-11   3.669e-07     1.903e-12   3.569e-07     6.203e-13   3.513e-07     3.782e-13   3.123e-07     2.322e-13   2.635e-07     1.337e-13   2.239e-07     1.017e-13   1.904e-07     9.408e-14   1.654e-07     8.224e-14   1.497e-07     6.229e-14   1.379e-07     3.951e-14   1.195e-07     1.673e-14   8.352e-08     
1.259e+01   4.072e-07     0.000e+00   6.229e-07     1.403e-09   3.999e-07     1.044e-10   3.571e-07     1.206e-11   3.669e-07     2.055e-12   3.569e-07     6.698e-13   3.513e-07     4.083e-13   3.123e-07     2.508e-13   2.635e-07     1.444e-13   2.239e-07     1.098e-13   1.904e-07     1.016e-13   1.654e-07     8.880e-14   1.497e-07     6.726e-14   1.379e-07     4.267e-14   1.195e-07     1.807e-14   8.352e-08     
1.359e+01   4.078e-07     0.000e+00   6.229e-07     1.515e-09   3.999e-07     1.127e-10   3.570e-07     1.302e-11   3.668e-07     2.219e-12   3.569e-07     7.233e-13   3.513e-07     4.409e-13   3.123e-07     2.708e-13   2.634e-07     1.559e-13   2.239e-07     1.186e-13   1.904e-07     1.097e-13   1.654e-07     9.589e-14   1.497e-07     7.263e-14   1.379e-07     4.607e-14   1.195e-07     1.951e-14   8.352e-08     
1.468e+01   4.085e-07     0.000e+00   6.228e-07     1.636e-09   3.999e-07     1.217e-10   3.570e-07     1.406e-11   3.668e-07     2.396e-12   3.569e-07     7.811e-13   3.513e-07     4.761e-13   3.123e-07     2.924e-13   2.634e-07     1.684e-13   2.239e-07     1.281e-13   1.904e-07     1.184e-13   1.654e-07     1.035e-13   1.497e-07     7.843e-14   1.379e-07     4.975e-14   1.195e-07     2.107e-14   8.351e-08     
1.585e+01   4.092e-07     0.000e+00   6.228e-07     1.767e-09   3.999e-07     1.314e-10   3.570e-07     1.518e-11   3.668e-07     2.587e-12   3.569e-07     8.434e-13   3.512e-07     5.141e-13   3.123e-07     3.157e-13   2.634e-07     1.818e-13   2.239e-07     1.383e-13   1.904e-07     1.279e-13   1.654e-07     1.118e-13   1.497e-07     8.469e-14   1.379e-07     5.372e-14   1.195e-07     2.275e-14   8.351e-08     
1.711e+01   4.100e-07     0.000e+00   6.228e-07     1.908e-09   3.999e-07     1.419e-10   3.570e-07     1.639e-11   3.668e-07     2.794e-12   3.569e-07     9.107e-13   3.512e-07     5.552e-13   3.123e-07     3.410e-13   2.634e-07     1.963e-13   2.239e-07     1.493e-13   1.904e-07     1.381e-13   1.654e-07     1.207e-13   1.497e-07     9.145e-14   1.379e-07     5.801e-14   1.195e-07     2.457e-14   8.351e-08     
1.848e+01   4.109e-07     0.000e+00   6.228e-07     2.060e-09   3.999e-07     1.532e-10   3.570e-07     1.770e-11   3.668e-07     3.017e-12   3.568e-07     9.834e-13   3.512e-07     5.995e-13   3.122e-07     3.682e-13   2.634e-07     2.120e-13   2.239e-07     1.612e-13   1.904e-07     1.491e-13   1.654e-07     1.304e-13   1.497e-07     9.875e-14   1.379e-07     6.264e-14   1.195e-07     2.653e-14   8.351e-08     
1.995e+01   4.118e-07     0.000e+00   6.227e-07     2.225e-09   3.998e-07     1.655e-10   3.570e-07     1.912e-11   3.668e-07     3.258e-12   3.568e-07     1.062e-12   3.512e-07     6.473e-13   3.122e-07     3.976e-13   2.634e-07     2.289e-13   2.239e-07     1.741e-13   1.904e-07     1.610e-13   1.653e-07     1.408e-13   1.497e-07     1.066e-13   1.379e-07     6.764e-14   1.195e-07     2.864e-14   8.350e-08     
2.154e+01   4.128e-07     0.000e+00   6.227e-07     2.402e-09   3.998e-07     1.787e-10   3.570e-07     2.064e-11   3.668e-07     3.518e-12   3.568e-07     1.147e-12   3.512e-07     6.990e-13   3.122e-07     4.293e-13   2.634e-07     2.472e-13   2.238e-07     1.880e-13   1.904e-07     1.739e-13   1.653e-07     1.520e-13   1.497e-07     1.151e-13   1.379e-07     7.304e-14   1.195e-07     3.093e-14   8.350e-08     
2.326e+01   4.138e-07     0.000e+00   6.226e-07     2.594e-09   3.998e-07     1.929e-10   3.569e-07     2.229e-11   3.667e-07     3.799e-12   3.568e-07     1.238e-12   3.511e-07     7.548e-13   3.122e-07     4.636e-13   2.634e-07     2.669e-13   2.238e-07     2.030e-13   1.904e-07     1.878e-13   1.653e-07     1.641e-13   1.496e-07     1.243e-13   1.379e-07     7.887e-14   1.195e-07     3.340e-14   8.350e-08     
2.512e+01   4.150e-07     0.000e+00   6.226e-07     2.801e-09   3.998e-07     2.084e-10   3.569e-07     2.407e-11   3.667e-07     4.102e-12   3.568e-07     1.337e-12   3.511e-07     8.151e-13   3.122e-07     5.006e-13   2.634e-07     2.883e-13   2.238e-07     2.192e-13   1.904e-07     2.028e-13   1.653e-07     1.772e-13   1.496e-07     1.343e-13   1.379e-07     8.516e-14   1.194e-07     3.607e-14   8.349e-08     
2.712e+01   4.163e-07     0.000e+00   6.226e-07     3.025e-09   3.997e-07     2.250e-10   3.569e-07     2.599e-11   3.667e-07     4.430e-12   3.567e-07     1.444e-12   3.511e-07     8.802e-13   3.121e-07     5.406e-13   2.633e-07     3.113e-13   2.238e-07     2.367e-13   1.904e-07     2.190e-13   1.653e-07     1.914e-13   1.496e-07     1.450e-13   1.379e-07     9.196e-14   1.194e-07     3.895e-14   8.349e-08     
2.929e+01   4.176e-07     0.000e+00   6.225e-07     3.267e-09   3.997e-07     2.430e-10   3.569e-07     2.807e-11   3.667e-07     4.784e-12   3.567e-07     1.559e-12   3.511e-07     9.505e-13   3.121e-07     5.837e-13   2.633e-07     3.361e-13   2.238e-07     2.556e-13   1.903e-07     2.365e-13   1.653e-07     2.067e-13   1.496e-07     1.566e-13   1.379e-07     9.931e-14   1.194e-07     4.206e-14   8.348e-08     
3.162e+01   4.191e-07     0.000e+00   6.225e-07     3.528e-09   3.997e-07     2.624e-10   3.568e-07     3.031e-11   3.666e-07     5.166e-12   3.567e-07     1.684e-12   3.510e-07     1.026e-12   3.121e-07     6.303e-13   2.633e-07     3.630e-13   2.238e-07     2.761e-13   1.903e-07     2.553e-13   1.653e-07     2.232e-13   1.496e-07     1.691e-13   1.379e-07     1.072e-13   1.194e-07     4.541e-14   8.348e-08     
3.415e+01   4.207e-07     0.000e+00   6.224e-07     3.809e-09   3.997e-07     2.833e-10   3.568e-07     3.273e-11   3.666e-07     5.578e-12   3.567e-07     1.818e-12   3.510e-07     1.108e-12   3.121e-07     6.807e-13   2.633e-07     3.920e-13   2.238e-07     2.981e-13   1.903e-07     2.757e-13   1.653e-07     2.410e-13   1.496e-07     1.826e-13   1.379e-07     1.158e-13   1.194e-07     4.904e-14   8.347e-08     
3.687e+01   4.224e-07     0.000e+00   6.223e-07     4.114e-09   3.996e-07     3.060e-10   3.568e-07     3.535e-11   3.666e-07     6.024e-12   3.566e-07     1.964e-12   3.510e-07     1.197e-12   3.120e-07     7.351e-13   2.633e-07     4.233e-13   2.237e-07     3.219e-13   1.903e-07     2.978e-13   1.653e-07     2.603e-13   1.496e-07     1.971e-13   1.378e-07     1.250e-13   1.194e-07     5.296e-14   8.347e-08     
3.981e+01   4.242e-07     0.000e+00   6.223e-07     4.442e-09   3.996e-07     3.304e-10   3.567e-07     3.817e-11   3.665e-07     6.505e-12   3.566e-07     2.121e-12   3.509e-07     1.293e-12   3.120e-07     7.938e-13   2.632e-07     4.571e-13   2.237e-07     3.476e-13   1.903e-07     3.215e-13   1.653e-07     2.811e-13   1.496e-07     2.129e-13   1.378e-07     1.350e-13   1.194e-07     5.719e-14   8.346e-08     
4.299e+01   4.262e-07     0.000e+00   6.222e-07     4.797e-09   3.995e-07     3.568e-10   3.567e-07     4.122e-11   3.665e-07     7.025e-12   3.566e-07     2.290e-12   3.509e-07     1.396e-12   3.120e-07     8.572e-13   2.632e-07     4.936e-13   2.237e-07     3.754e-13   1.903e-07     3.472e-13   1.653e-07     3.035e-13   1.496e-07     2.299e-13   1.378e-07     1.458e-13   1.194e-07     6.176e-14   8.345e-08     
4.642e+01   4.283e-07     0.000e+00   6.221e-07     5.181e-09   3.995e-07     3.853e-10   3.567e-07     4.452e-11   3.665e-07     7.587e-12   3.565e-07     2.473e-12   3.509e-07     1.507e-12   3.119e-07     9.257e-13   2.632e-07     5.331e-13   2.237e-07     4.054e-13   1.903e-07     3.750e-13   1.652e-07     3.278e-13   1.496e-07     2.483e-13   1.378e-07     1.575e-13   1.194e-07     6.669e-14   8.344e-08     
5.012e+01   4.307e-07     0.000e+00   6.220e-07     5.595e-09   3.994e-07     4.161e-10   3.566e-07     4.807e-11   3.664e-07     8.193e-12   3.565e-07     2.671e-12   3.508e-07     1.628e-12   3.119e-07     9.997e-13   2.631e-07     5.757e-13   2.236e-07     4.378e-13   1.902e-07     4.049e-13   1.652e-07     3.539e-13   1.496e-07     2.681e-13   1.378e-07     1.701e-13   1.194e-07     7.202e-14   8.343e-08     
5.412e+01   4.332e-07     0.000e+00   6.219e-07     6.042e-09   3.994e-07     4.494e-10   3.566e-07     5.192e-11   3.664e-07     8.848e-12   3.564e-07     2.884e-12   3.508e-07     1.758e-12   3.119e-07     1.080e-12   2.631e-07     6.217e-13   2.236e-07     4.728e-13   1.902e-07     4.373e-13   1.652e-07     3.822e-13   1.495e-07     2.895e-13   1.378e-07     1.836e-13   1.194e-07     7.777e-14   8.343e-08     
5.843e+01   4.359e-07     0.000e+00   6.218e-07     6.525e-09   3.993e-07     4.853e-10   3.565e-07     5.607e-11   3.663e-07     9.556e-12   3.564e-07     3.115e-12   3.507e-07     1.898e-12   3.118e-07     1.166e-12   2.631e-07     6.714e-13   2.236e-07     5.106e-13   1.902e-07     4.722e-13   1.652e-07     4.128e-13   1.495e-07     3.127e-13   1.378e-07     1.983e-13   1.194e-07     8.399e-14   8.342e-08     
6.310e+01   4.388e-07     0.000e+00   6.217e-07     7.047e-09   3.993e-07     5.242e-10   3.565e-07     6.055e-11   3.662e-07     1.032e-11   3.563e-07     3.364e-12   3.506e-07     2.050e-12   3.118e-07     1.259e-12   2.630e-07     7.251e-13   2.235e-07     5.514e-13   1.902e-07     5.100e-13   1.652e-07     4.458e-13   1.495e-07     3.376e-13   1.378e-07     2.142e-13   1.194e-07     9.070e-14   8.340e-08     
6.813e+01   4.419e-07     0.000e+00   6.216e-07     7.610e-09   3.992e-07     5.661e-10   3.564e-07     6.540e-11   3.662e-07     1.115e-11   3.562e-07     3.633e-12   3.506e-07     2.214e-12   3.117e-07     1.360e-12   2.630e-07     7.831e-13   2.235e-07     5.955e-13   1.901e-07     5.508e-13   1.651e-07     4.814e-13   1.495e-07     3.646e-13   1.378e-07     2.313e-13   1.193e-07     9.796e-14   8.339e-08     
7.356e+01   4.453e-07     0.000e+00   6.215e-07     8.219e-09   3.991e-07     6.114e-10   3.563e-07     7.063e-11   3.661e-07     1.204e-11   3.562e-07     3.924e-12   3.505e-07     2.391e-12   3.116e-07     1.468e-12   2.629e-07     8.457e-13   2.235e-07     6.432e-13   1.901e-07     5.948e-13   1.651e-07     5.199e-13   1.495e-07     3.938e-13   1.377e-07     2.498e-13   1.193e-07     1.058e-13   8.338e-08     
7.943e+01   4.490e-07     0.000e+00   6.213e-07     8.877e-09   3.990e-07     6.603e-10   3.563e-07     7.628e-11   3.660e-07     1.300e-11   3.561e-07     4.238e-12   3.504e-07     2.582e-12   3.116e-07     1.586e-12   2.629e-07     9.134e-13   2.234e-07     6.946e-13   1.901e-07     6.424e-13   1.651e-07     5.615e-13   1.495e-07     4.253e-13   1.377e-07     2.698e-13   1.193e-07     1.142e-13   8.336e-08     
8.577e+01   4.530e-07     0.000e+00   6.212e-07     9.587e-09   3.989e-07     7.132e-10   3.562e-07     8.239e-11   3.659e-07     1.404e-11   3.560e-07     4.577e-12   3.503e-07     2.789e-12   3.115e-07     1.713e-12   2.628e-07     9.865e-13   2.234e-07     7.502e-13   1.900e-07     6.938e-13   1.651e-07     6.064e-13   1.494e-07     4.593e-13   1.377e-07     2.913e-13   1.193e-07     1.234e-13   8.335e-08     
9.261e+01   4.573e-07     0.000e+00   6.210e-07     1.035e-08   3.988e-07     7.703e-10   3.561e-07     8.899e-11   3.658e-07     1.517e-11   3.559e-07     4.943e-12   3.503e-07     3.012e-12   3.114e-07     1.850e-12   2.627e-07     1.065e-12   2.233e-07     8.103e-13   1.900e-07     7.493e-13   1.650e-07     6.549e-13   1.494e-07     4.960e-13   1.377e-07     3.147e-13   1.193e-07     1.333e-13   8.333e-08     
1.000e+02   4.619e-07     0.000e+00   6.208e-07     1.118e-08   3.987e-07     8.319e-10   3.560e-07     9.611e-11   3.657e-07     1.638e-11   3.558e-07     5.339e-12   3.502e-07     3.253e-12   3.113e-07     1.998e-12   2.627e-07     1.151e-12   2.233e-07     8.751e-13   1.899e-07     8.093e-13   1.650e-07     7.073e-13   1.494e-07     5.357e-13   1.377e-07     3.398e-13   1.192e-07     1.439e-13   8.331e-08     
1.080e+02   4.669e-07     0.000e+00   6.206e-07     1.208e-08   3.986e-07     8.986e-10   3.559e-07     1.038e-10   3.656e-07     1.769e-11   3.557e-07     5.767e-12   3.500e-07     3.514e-12   3.112e-07     2.158e-12   2.626e-07     1.243e-12   2.232e-07     9.452e-13   1.899e-07     8.741e-13   1.650e-07     7.639e-13   1.493e-07     5.786e-13   1.376e-07     3.670e-13   1.192e-07     1.554e-13   8.329e-08     
1.166e+02   4.723e-07     0.000e+00   6.204e-07     1.305e-08   3.985e-07     9.706e-10   3.558e-07     1.121e-10   3.655e-07     1.911e-11   3.556e-07     6.229e-12   3.499e-07     3.795e-12   3.111e-07     2.331e-12   2.625e-07     1.342e-12   2.231e-07     1.021e-12   1.898e-07     9.441e-13   1.649e-07     8.251e-13   1.493e-07     6.249e-13   1.376e-07     3.964e-13   1.192e-07     1.679e-13   8.327e-08     
1.259e+02   4.781e-07     0.000e+00   6.201e-07     1.409e-08   3.983e-07     1.048e-09   3.556e-07     1.211e-10   3.654e-07     2.064e-11   3.555e-07     6.728e-12   3.498e-07     4.099e-12   3.110e-07     2.517e-12   2.624e-07     1.450e-12   2.231e-07     1.103e-12   1.898e-07     1.020e-12   1.649e-07     8.911e-13   1.493e-07     6.750e-13   1.376e-07     4.282e-13   1.192e-07     1.813e-13   8.324e-08     
1.359e+02   4.844e-07     0.000e+00   6.199e-07     1.522e-08   3.982e-07     1.132e-09   3.555e-07     1.308e-10   3.652e-07     2.230e-11   3.553e-07     7.268e-12   3.496e-07     4.428e-12   3.109e-07     2.719e-12   2.623e-07     1.566e-12   2.230e-07     1.191e-12   1.897e-07     1.101e-12   1.648e-07     9.625e-13   1.492e-07     7.291e-13   1.375e-07     4.625e-13   1.191e-07     1.959e-13   8.322e-08     
1.468e+02   4.912e-07     0.000e+00   6.196e-07     1.644e-08   3.980e-07     1.223e-09   3.554e-07     1.413e-10   3.651e-07     2.409e-11   3.552e-07     7.851e-12   3.495e-07     4.783e-12   3.107e-07     2.937e-12   2.622e-07     1.692e-12   2.229e-07     1.287e-12   1.896e-07     1.190e-12   1.648e-07     1.040e-12   1.492e-07     7.875e-13   1.375e-07     4.995e-13   1.191e-07     2.115e-13   8.318e-08     
1.585e+02   4.985e-07     0.000e+00   6.193e-07     1.776e-08   3.978e-07     1.321e-09   3.552e-07     1.527e-10   3.649e-07     2.602e-11   3.550e-07     8.481e-12   3.493e-07     5.166e-12   3.106e-07     3.173e-12   2.621e-07     1.828e-12   2.228e-07     1.390e-12   1.896e-07     1.285e-12   1.647e-07     1.123e-12   1.491e-07     8.506e-13   1.374e-07     5.396e-13   1.191e-07     2.285e-13   8.315e-08     
1.711e+02   5.065e-07     0.000e+00   6.189e-07     1.919e-08   3.976e-07     1.428e-09   3.550e-07     1.649e-10   3.647e-07     2.811e-11   3.548e-07     9.162e-12   3.491e-07     5.581e-12   3.104e-07     3.427e-12   2.619e-07     1.974e-12   2.227e-07     1.501e-12   1.895e-07     1.388e-12   1.646e-07     1.213e-12   1.491e-07     9.188e-13   1.374e-07     5.828e-13   1.190e-07     2.468e-13   8.311e-08     
1.848e+02   5.150e-07     0.000e+00   6.185e-07     2.073e-08   3.974e-07     1.542e-09   3.548e-07     1.782e-10   3.645e-07     3.037e-11   3.546e-07     9.898e-12   3.489e-07     6.028e-12   3.102e-07     3.702e-12   2.618e-07     2.133e-12   2.225e-07     1.622e-12   1.894e-07     1.499e-12   1.645e-07     1.310e-12   1.490e-07     9.925e-13   1.373e-07     6.296e-13   1.190e-07     2.666e-13   8.307e-08     
1.995e+02   5.243e-07     0.000e+00   6.181e-07     2.240e-08   3.971e-07     1.666e-09   3.546e-07     1.925e-10   3.642e-07     3.281e-11   3.543e-07     1.069e-11   3.487e-07     6.512e-12   3.100e-07     3.999e-12   2.616e-07     2.304e-12   2.224e-07     1.752e-12   1.893e-07     1.620e-12   1.645e-07     1.415e-12   1.489e-07     1.072e-12   1.373e-07     6.801e-13   1.189e-07     2.880e-13   8.303e-08     
2.154e+02   5.342e-07     0.000e+00   6.176e-07     2.420e-08   3.968e-07     1.800e-09   3.543e-07     2.080e-10   3.640e-07     3.545e-11   3.541e-07     1.155e-11   3.484e-07     7.035e-12   3.098e-07     4.321e-12   2.614e-07     2.489e-12   2.222e-07     1.893e-12   1.891e-07     1.750e-12   1.644e-07     1.529e-12   1.489e-07     1.158e-12   1.372e-07     7.347e-13   1.189e-07     3.111e-13   8.297e-08     
2.326e+02   5.450e-07     0.000e+00   6.171e-07     2.614e-08   3.965e-07     1.945e-09   3.540e-07     2.247e-10   3.637e-07     3.830e-11   3.538e-07     1.248e-11   3.481e-07     7.601e-12   3.095e-07     4.668e-12   2.612e-07     2.689e-12   2.221e-07     2.045e-12   1.890e-07     1.890e-12   1.643e-07     1.652e-12   1.488e-07     1.251e-12   1.371e-07     7.937e-13   1.188e-07     3.361e-13   8.292e-08     
2.512e+02   5.567e-07     0.000e+00   6.165e-07     2.824e-08   3.962e-07     2.102e-09   3.537e-07     2.428e-10   3.634e-07     4.138e-11   3.535e-07     1.349e-11   3.478e-07     8.212e-12   3.092e-07     5.043e-12   2.610e-07     2.906e-12   2.219e-07     2.210e-12   1.889e-07     2.042e-12   1.641e-07     1.785e-12   1.487e-07     1.352e-12   1.370e-07     8.574e-13   1.187e-07     3.631e-13   8.285e-08     
2.712e+02   5.692e-07     0.000e+00   6.158e-07     3.052e-08   3.958e-07     2.271e-09   3.534e-07     2.624e-10   3.630e-07     4.472e-11   3.531e-07     1.457e-11   3.474e-07     8.873e-12   3.089e-07     5.449e-12   2.607e-07     3.140e-12   2.217e-07     2.388e-12   1.887e-07     2.207e-12   1.640e-07     1.928e-12   1.486e-07     1.460e-12   1.369e-07     9.264e-13   1.186e-07     3.923e-13   8.278e-08     
2.929e+02   5.828e-07     0.000e+00   6.151e-07     3.298e-08   3.954e-07     2.454e-09   3.530e-07     2.835e-10   3.626e-07     4.832e-11   3.528e-07     1.575e-11   3.470e-07     9.587e-12   3.086e-07     5.887e-12   2.604e-07     3.393e-12   2.214e-07     2.580e-12   1.885e-07     2.384e-12   1.639e-07     2.083e-12   1.484e-07     1.578e-12   1.368e-07     1.001e-12   1.185e-07     4.239e-13   8.271e-08     
3.162e+02   5.975e-07     0.000e+00   6.143e-07     3.564e-08   3.949e-07     2.652e-09   3.526e-07     3.064e-10   3.622e-07     5.222e-11   3.523e-07     1.702e-11   3.466e-07     1.036e-11   3.082e-07     6.362e-12   2.601e-07     3.666e-12   2.212e-07     2.788e-12   1.883e-07     2.576e-12   1.637e-07     2.251e-12   1.483e-07     1.705e-12   1.367e-07     1.081e-12   1.184e-07     4.580e-13   8.262e-08     
3.415e+02   6.133e-07     0.000e+00   6.135e-07     3.851e-08   3.944e-07     2.866e-09   3.521e-07     3.311e-10   3.617e-07     5.644e-11   3.518e-07     1.839e-11   3.461e-07     1.119e-11   3.078e-07     6.874e-12   2.598e-07     3.962e-12   2.209e-07     3.013e-12   1.881e-07     2.784e-12   1.635e-07     2.432e-12   1.481e-07     1.842e-12   1.366e-07     1.168e-12   1.183e-07     4.949e-13   8.252e-08     
3.687e+02   6.304e-07     0.000e+00   6.125e-07     4.162e-08   3.938e-07     3.097e-09   3.516e-07     3.579e-10   3.612e-07     6.100e-11   3.513e-07     1.988e-11   3.456e-07     1.210e-11   3.073e-07     7.429e-12   2.594e-07     4.282e-12   2.206e-07     3.256e-12   1.878e-07     3.008e-12   1.633e-07     2.628e-12   1.480e-07     1.990e-12   1.364e-07     1.263e-12   1.182e-07     5.347e-13   8.241e-08     
3.981e+02   6.488e-07     0.000e+00   6.114e-07     4.498e-08   3.931e-07     3.347e-09   3.510e-07     3.868e-10   3.605e-07     6.593e-11   3.507e-07     2.149e-11   3.450e-07     1.307e-11   3.067e-07     8.028e-12   2.590e-07     4.627e-12   2.202e-07     3.519e-12   1.875e-07     3.251e-12   1.631e-07     2.840e-12   1.478e-07     2.151e-12   1.362e-07     1.364e-12   1.180e-07     5.779e-13   8.229e-08     
4.299e+02   6.687e-07     0.000e+00   6.102e-07     4.862e-08   3.924e-07     3.618e-09   3.504e-07     4.181e-10   3.599e-07     7.126e-11   3.500e-07     2.323e-11   3.443e-07     1.413e-11   3.062e-07     8.677e-12   2.585e-07     5.002e-12   2.198e-07     3.803e-12   1.872e-07     3.513e-12   1.628e-07     3.069e-12   1.475e-07     2.324e-12   1.360e-07     1.474e-12   1.178e-07     6.245e-13   8.215e-08     
4.642e+02   6.902e-07     0.000e+00   6.088e-07     5.255e-08   3.915e-07     3.911e-09   3.497e-07     4.520e-10   3.591e-07     7.704e-11   3.493e-07     2.511e-11   3.436e-07     1.527e-11   3.055e-07     9.378e-12   2.579e-07     5.406e-12   2.194e-07     4.111e-12   1.868e-07     3.797e-12   1.625e-07     3.317e-12   1.473e-07     2.512e-12   1.358e-07     1.593e-12   1.176e-07     6.749e-13   8.199e-08     
5.012e+02   7.134e-07     0.000e+00   6.073e-07     5.680e-08   3.906e-07     4.228e-09   3.488e-07     4.886e-10   3.583e-07     8.328e-11   3.485e-07     2.714e-11   3.427e-07     1.651e-11   3.048e-07     1.014e-11   2.573e-07     5.844e-12   2.189e-07     4.443e-12   1.864e-07     4.104e-12   1.622e-07     3.585e-12   1.470e-07     2.715e-12   1.355e-07     1.722e-12   1.174e-07     7.294e-13   8.182e-08     
5.412e+02   7.385e-07     0.000e+00   6.056e-07     6.140e-08   3.896e-07     4.571e-09   3.479e-07     5.283e-10   3.573e-07     9.004e-11   3.475e-07     2.935e-11   3.418e-07     1.784e-11   3.039e-07     1.096e-11   2.566e-07     6.318e-12   2.183e-07     4.803e-12   1.860e-07     4.436e-12   1.618e-07     3.875e-12   1.467e-07     2.934e-12   1.353e-07     1.861e-12   1.172e-07     7.884e-13   8.162e-08     
5.843e+02   7.655e-07     0.000e+00   6.037e-07     6.638e-08   3.884e-07     4.942e-09   3.469e-07     5.712e-10   3.562e-07     9.735e-11   3.465e-07     3.173e-11   3.408e-07     1.929e-11   3.030e-07     1.184e-11   2.559e-07     6.830e-12   2.177e-07     5.193e-12   1.855e-07     4.795e-12   1.614e-07     4.188e-12   1.463e-07     3.172e-12   1.349e-07     2.012e-12   1.169e-07     8.522e-13   8.140e-08     
6.310e+02   7.947e-07     0.000e+00   6.016e-07     7.177e-08   3.871e-07     5.343e-09   3.458e-07     6.176e-10   3.551e-07     1.053e-10   3.453e-07     3.431e-11   3.396e-07     2.085e-11   3.020e-07     1.281e-11   2.550e-07     7.385e-12   2.170e-07     5.615e-12   1.849e-07     5.184e-12   1.609e-07     4.527e-12   1.459e-07     3.429e-12   1.346e-07     2.175e-12   1.166e-07     9.212e-13   8.116e-08     
6.813e+02   8.262e-07     0.000e+00   5.992e-07     7.760e-08   3.857e-07     5.778e-09   3.445e-07     6.678e-10   3.537e-07     1.138e-10   3.440e-07     3.710e-11   3.383e-07     2.254e-11   3.008e-07     1.384e-11   2.541e-07     7.985e-12   2.162e-07     6.071e-12   1.842e-07     5.605e-12   1.603e-07     4.894e-12   1.454e-07     3.706e-12   1.341e-07     2.351e-12   1.162e-07     9.958e-13   8.087e-08     
7.356e+02   8.601e-07     0.000e+00   5.966e-07     8.390e-08   3.841e-07     6.248e-09   3.430e-07     7.222e-10   3.522e-07     1.231e-10   3.426e-07     4.012e-11   3.368e-07     2.437e-11   2.995e-07     1.497e-11   2.530e-07     8.635e-12   2.153e-07     6.565e-12   1.835e-07     6.060e-12   1.597e-07     5.291e-12   1.449e-07     4.007e-12   1.337e-07     2.542e-12   1.158e-07     1.077e-12   8.056e-08     
7.943e+02   8.967e-07     0.000e+00   5.936e-07     9.072e-08   3.822e-07     6.756e-09   3.414e-07     7.811e-10   3.505e-07     1.331e-10   3.409e-07     4.340e-11   3.351e-07     2.636e-11   2.980e-07     1.619e-11   2.518e-07     9.339e-12   2.143e-07     7.099e-12   1.827e-07     6.552e-12   1.590e-07     5.720e-12   1.443e-07     4.332e-12   1.331e-07     2.748e-12   1.153e-07     1.164e-12   8.020e-08     
8.577e+02   9.361e-07     0.000e+00   5.902e-07     9.810e-08   3.801e-07     7.307e-09   3.396e-07     8.448e-10   3.486e-07     1.440e-10   3.390e-07     4.694e-11   3.333e-07     2.850e-11   2.964e-07     1.750e-11   2.504e-07     1.010e-11   2.131e-07     7.678e-12   1.817e-07     7.085e-12   1.583e-07     6.185e-12   1.436e-07     4.684e-12   1.325e-07     2.971e-12   1.148e-07     1.259e-12   7.979e-08     
9.261e+02   9.786e-07     0.000e+00   5.865e-07     1.061e-07   3.778e-07     7.903e-09   3.375e-07     9.137e-10   3.465e-07     1.558e-10   3.369e-07     5.078e-11   3.312e-07     3.082e-11   2.945e-07     1.893e-11   2.489e-07     1.092e-11   2.118e-07     8.304e-12   1.807e-07     7.662e-12   1.574e-07     6.688e-12   1.429e-07     5.065e-12   1.318e-07     3.213e-12   1.142e-07     1.361e-12   7.934e-08     
1.000e+03   1.024e-06     0.000e+00   5.822e-07     1.147e-07   3.752e-07     8.547e-09   3.352e-07     9.884e-10   3.441e-07     1.685e-10   3.346e-07     5.493e-11   3.288e-07     3.333e-11   2.924e-07     2.047e-11   2.472e-07     1.182e-11   2.104e-07     8.982e-12   1.795e-07     8.286e-12   1.564e-07     7.232e-12   1.420e-07     5.476e-12   1.310e-07     3.474e-12   1.135e-07     1.472e-12   7.882e-08     
1.080e+03   1.074e-06     0.000e+00   5.775e-07     1.241e-07   3.722e-07     9.245e-09   3.326e-07     1.069e-09   3.413e-07     1.823e-10   3.319e-07     5.943e-11   3.262e-07     3.605e-11   2.901e-07     2.214e-11   2.452e-07     1.278e-11   2.088e-07     9.716e-12   1.781e-07     8.961e-12   1.552e-07     7.821e-12   1.410e-07     5.922e-12   1.301e-07     3.757e-12   1.127e-07     1.591e-12   7.823e-08     
1.166e+03   1.127e-06     0.000e+00   5.722e-07     1.342e-07   3.689e-07     1.000e-08   3.296e-07     1.157e-09   3.383e-07     1.972e-10   3.290e-07     6.430e-11   3.232e-07     3.899e-11   2.875e-07     2.395e-11   2.430e-07     1.383e-11   2.069e-07     1.051e-11   1.766e-07     9.692e-12   1.540e-07     8.458e-12   1.399e-07     6.404e-12   1.291e-07     4.063e-12   1.118e-07     1.721e-12   7.757e-08     
1.259e+03   1.183e-06     0.000e+00   5.662e-07     1.451e-07   3.652e-07     1.082e-08   3.263e-07     1.251e-09   3.349e-07     2.134e-10   3.256e-07     6.957e-11   3.199e-07     4.218e-11   2.845e-07     2.590e-11   2.406e-07     1.496e-11   2.049e-07     1.137e-11   1.749e-07     1.048e-11   1.525e-07     9.147e-12   1.386e-07     6.926e-12   1.279e-07     4.394e-12   1.108e-07     1.861e-12   7.683e-08     
1.359e+03   1.245e-06     0.000e+00   5.595e-07     1.569e-07   3.610e-07     1.170e-08   3.226e-07     1.353e-09   3.310e-07     2.308e-10   3.219e-07     7.527e-11   3.162e-07     4.562e-11   2.812e-07     2.802e-11   2.378e-07     1.619e-11   2.026e-07     1.230e-11   1.730e-07     1.134e-11   1.509e-07     9.892e-12   1.372e-07     7.490e-12   1.266e-07     4.752e-12   1.097e-07     2.013e-12   7.599e-08     
1.468e+03   1.310e-06     0.000e+00   5.520e-07     1.697e-07   3.563e-07     1.265e-08   3.184e-07     1.464e-09   3.267e-07     2.497e-10   3.177e-07     8.145e-11   3.120e-07     4.935e-11   2.775e-07     3.031e-11   2.347e-07     1.751e-11   1.999e-07     1.331e-11   1.708e-07     1.226e-11   1.490e-07     1.070e-11   1.355e-07     8.100e-12   1.252e-07     5.139e-12   1.084e-07     2.177e-12   7.504e-08     
1.585e+03   1.380e-06     0.000e+00   5.436e-07     1.835e-07   3.511e-07     1.368e-08   3.137e-07     1.584e-09   3.219e-07     2.702e-10   3.129e-07     8.812e-11   3.073e-07     5.337e-11   2.733e-07     3.278e-11   2.312e-07     1.895e-11   1.970e-07     1.440e-11   1.684e-07     1.326e-11   1.470e-07     1.157e-11   1.337e-07     8.759e-12   1.235e-07     5.557e-12   1.069e-07     2.354e-12   7.398e-08     
1.711e+03   1.455e-06     0.000e+00   5.342e-07     1.983e-07   3.452e-07     1.480e-08   3.085e-07     1.713e-09   3.165e-07     2.923e-10   3.077e-07     9.535e-11   3.021e-07     5.773e-11   2.687e-07     3.546e-11   2.274e-07     2.050e-11   1.938e-07     1.558e-11   1.656e-07     1.434e-11   1.446e-07     1.251e-11   1.316e-07     9.472e-12   1.216e-07     6.009e-12   1.053e-07     2.546e-12   7.278e-08     
1.848e+03   1.535e-06     0.000e+00   5.238e-07     2.144e-07   3.386e-07     1.600e-08   3.027e-07     1.852e-09   3.105e-07     3.161e-10   3.018e-07     1.032e-10   2.963e-07     6.243e-11   2.635e-07     3.835e-11   2.230e-07     2.217e-11   1.901e-07     1.685e-11   1.626e-07     1.551e-11   1.420e-07     1.353e-11   1.293e-07     1.024e-11   1.195e-07     6.497e-12   1.035e-07     2.752e-12   7.145e-08     
1.995e+03   1.620e-06     0.000e+00   5.122e-07     2.317e-07   3.314e-07     1.729e-08   2.962e-07     2.003e-09   3.038e-07     3.419e-10   2.953e-07     1.116e-10   2.898e-07     6.750e-11   2.578e-07     4.147e-11   2.182e-07     2.398e-11   1.861e-07     1.822e-11   1.592e-07     1.677e-11   1.391e-07     1.462e-11   1.267e-07     1.107e-11   1.171e-07     7.024e-12   1.014e-07     2.975e-12   6.996e-08     
2.154e+03   1.710e-06     0.000e+00   4.993e-07     2.503e-07   3.233e-07     1.869e-08   2.890e-07     2.165e-09   2.964e-07     3.697e-10   2.881e-07     1.207e-10   2.826e-07     7.297e-11   2.514e-07     4.483e-11   2.129e-07     2.594e-11   1.815e-07     1.970e-11   1.554e-07     1.813e-11   1.359e-07     1.580e-11   1.238e-07     1.196e-11   1.145e-07     7.591e-12   9.913e-08     3.216e-12   6.829e-08     
2.326e+03   1.806e-06     0.000e+00   4.852e-07     2.703e-07   3.143e-07     2.019e-08   2.811e-07     2.340e-09   2.882e-07     3.996e-10   2.801e-07     1.305e-10   2.747e-07     7.886e-11   2.444e-07     4.845e-11   2.070e-07     2.804e-11   1.766e-07     2.130e-11   1.512e-07     1.959e-11   1.323e-07     1.707e-11   1.206e-07     1.293e-11   1.115e-07     8.201e-12   9.658e-08     3.474e-12   6.645e-08     
2.512e+03   1.907e-06     0.000e+00   4.696e-07     2.918e-07   3.045e-07     2.180e-08   2.723e-07     2.528e-09   2.792e-07     4.317e-10   2.713e-07     1.410e-10   2.660e-07     8.518e-11   2.367e-07     5.233e-11   2.005e-07     3.030e-11   1.711e-07     2.301e-11   1.466e-07     2.116e-11   1.283e-07     1.844e-11   1.171e-07     1.396e-11   1.083e-07     8.856e-12   9.376e-08     3.752e-12   6.442e-08     
2.712e+03   2.013e-06     0.000e+00   4.527e-07     3.148e-07   2.938e-07     2.353e-08   2.628e-07     2.729e-09   2.693e-07     4.662e-10   2.617e-07     1.523e-10   2.565e-07     9.195e-11   2.282e-07     5.650e-11   1.934e-07     3.272e-11   1.651e-07     2.485e-11   1.415e-07     2.284e-11   1.240e-07     1.990e-11   1.132e-07     1.506e-11   1.047e-07     9.557e-12   9.065e-08     4.049e-12   6.219e-08     
2.929e+03   2.124e-06     0.000e+00   4.342e-07     3.394e-07   2.821e-07     2.538e-08   2.523e-07     2.945e-09   2.586e-07     5.032e-10   2.513e-07     1.644e-10   2.462e-07     9.920e-11   2.190e-07     6.095e-11   1.857e-07     3.532e-11   1.585e-07     2.682e-11   1.360e-07     2.464e-11   1.192e-07     2.146e-11   1.089e-07     1.624e-11   1.008e-07     1.031e-11   8.724e-08     4.366e-12   5.975e-08     
3.162e+03   2.240e-06     0.000e+00   4.142e-07     3.656e-07   2.694e-07     2.736e-08   2.410e-07     3.175e-09   2.470e-07     5.426e-10   2.400e-07     1.773e-10   2.350e-07     1.069e-10   2.091e-07     6.569e-11   1.773e-07     3.808e-11   1.514e-07     2.892e-11   1.300e-07     2.655e-11   1.140e-07     2.311e-11   1.042e-07     1.749e-11   9.649e-08     1.110e-11   8.352e-08     4.703e-12   5.710e-08     
3.415e+03   2.359e-06     0.000e+00   3.929e-07     3.936e-07   2.558e-07     2.946e-08   2.289e-07     3.420e-09   2.345e-07     5.846e-10   2.278e-07     1.911e-10   2.231e-07     1.151e-10   1.984e-07     7.071e-11   1.683e-07     4.101e-11   1.438e-07     3.114e-11   1.235e-07     2.857e-11   1.085e-07     2.487e-11   9.921e-08     1.882e-11   9.187e-08     1.194e-11   7.951e-08     5.060e-12   5.425e-08     
3.687e+03   2.482e-06     0.000e+00   3.701e-07     4.231e-07   2.413e-07     3.169e-08   2.160e-07     3.679e-09   2.212e-07     6.290e-10   2.149e-07     2.056e-10   2.103e-07     1.237e-10   1.871e-07     7.599e-11   1.588e-07     4.411e-11   1.357e-07     3.348e-11   1.166e-07     3.070e-11   1.025e-07     2.671e-11   9.383e-08     2.021e-11   8.691e-08     1.283e-11   7.521e-08     5.435e-12   5.120e-08     
3.981e+03   2.608e-06     0.000e+00   3.461e-07     4.544e-07   2.260e-07     3.404e-08   2.023e-07     3.953e-09   2.072e-07     6.758e-10   2.012e-07     2.209e-10   1.968e-07     1.327e-10   1.751e-07     8.152e-11   1.487e-07     4.735e-11   1.271e-07     3.594e-11   1.093e-07     3.293e-11   9.615e-08     2.863e-11   8.811e-08     2.167e-11   8.164e-08     1.375e-11   7.064e-08     5.826e-12   4.797e-08     
4.299e+03   2.735e-06     0.000e+00   3.210e-07     4.871e-07   2.099e-07     3.652e-08   1.880e-07     4.241e-09   1.925e-07     7.249e-10   1.869e-07     2.368e-10   1.827e-07     1.420e-10   1.626e-07     8.726e-11   1.381e-07     5.072e-11   1.181e-07     3.849e-11   1.017e-07     3.523e-11   8.950e-08     3.062e-11   8.209e-08     2.317e-11   7.609e-08     1.470e-11   6.582e-08     6.231e-12   4.458e-08     
4.642e+03   2.862e-06     0.000e+00   2.950e-07     5.214e-07   1.933e-07     3.910e-08   1.732e-07     4.541e-09   1.773e-07     7.760e-10   1.722e-07     2.533e-10   1.682e-07     1.516e-10   1.496e-07     9.314e-11   1.271e-07     5.419e-11   1.088e-07     4.112e-11   9.371e-08     3.759e-11   8.259e-08     3.266e-11   7.583e-08     2.470e-11   7.031e-08     1.568e-11   6.080e-08     6.644e-12   4.106e-08     
5.012e+03   2.989e-06     0.000e+00   2.685e-07     5.570e-07   1.763e-07     4.179e-08   1.581e-07     4.852e-09   1.617e-07     8.286e-10   1.570e-07     2.703e-10   1.533e-07     1.613e-10   1.364e-07     9.910e-11   1.159e-07     5.772e-11   9.922e-08     4.379e-11   8.556e-08     3.998e-11   7.550e-08     3.470e-11   6.939e-08     2.625e-11   6.436e-08     1.666e-11   5.564e-08     7.060e-12   3.745e-08     
5.412e+03   3.113e-06     0.000e+00   2.418e-07     5.937e-07   1.591e-07     4.455e-08   1.427e-07     5.171e-09   1.460e-07     8.825e-10   1.417e-07     2.874e-10   1.383e-07     1.710e-10   1.230e-07     1.050e-10   1.046e-07     6.125e-11   8.957e-08     4.647e-11   7.731e-08     4.236e-11   6.830e-08     3.673e-11   6.284e-08     2.778e-11   5.830e-08     1.763e-11   5.039e-08     7.472e-12   3.379e-08     
5.843e+03   3.232e-06     0.000e+00   2.152e-07     6.313e-07   1.420e-07     4.738e-08   1.274e-07     5.496e-09   1.303e-07     9.368e-10   1.265e-07     3.046e-10   1.233e-07     1.806e-10   1.096e-07     1.108e-10   9.329e-08     6.473e-11   7.994e-08     4.910e-11   6.907e-08     4.468e-11   6.110e-08     3.871e-11   5.628e-08     2.926e-11   5.223e-08     1.857e-11   4.512e-08     7.871e-12   3.014e-08     
6.310e+03   3.347e-06     0.000e+00   1.891e-07     6.695e-07   1.251e-07     5.025e-08   1.124e-07     5.823e-09   1.149e-07     9.910e-10   1.115e-07     3.214e-10   1.086e-07     1.897e-10   9.656e-08     1.164e-10   8.220e-08     6.808e-11   7.047e-08     5.163e-11   6.096e-08     4.689e-11   5.399e-08     4.057e-11   4.980e-08     3.066e-11   4.624e-08     1.946e-11   3.992e-08     8.248e-12   2.654e-08     
6.813e+03   3.454e-06     0.000e+00   1.640e-07     7.078e-07   1.089e-07     5.312e-08   9.782e-08     6.148e-09   9.999e-08     1.044e-09   9.702e-08     3.376e-10   9.439e-08     1.982e-10   8.393e-08     1.215e-10   7.148e-08     7.122e-11   6.132e-08     5.401e-11   5.311e-08     4.893e-11   4.711e-08     4.227e-11   4.350e-08     3.193e-11   4.040e-08     2.026e-11   3.486e-08     8.591e-12   2.307e-08     
7.356e+03   3.552e-06     0.000e+00   1.402e-07     7.459e-07   9.338e-08     5.597e-08   8.398e-08     6.467e-09   8.581e-08     1.096e-09   8.326e-08     3.528e-10   8.091e-08     2.059e-10   7.193e-08     1.261e-10   6.130e-08     7.407e-11   5.262e-08     5.616e-11   4.563e-08     5.074e-11   4.053e-08     4.375e-11   3.749e-08     3.303e-11   3.482e-08     2.097e-11   3.003e-08     8.889e-12   1.976e-08     
7.943e+03   3.641e-06     0.000e+00   1.180e-07     7.833e-07   7.893e-08     5.875e-08   7.104e-08     6.774e-09   7.258e-08     1.144e-09   7.040e-08     3.666e-10   6.833e-08     2.124e-10   6.074e-08     1.300e-10   5.179e-08     7.652e-11   4.449e-08     5.802e-11   3.863e-08     5.226e-11   3.437e-08     4.496e-11   3.184e-08     3.392e-11   2.958e-08     2.153e-11   2.549e-08     9.131e-12   1.667e-08     
8.577e+03   3.718e-06     0.000e+00   9.779e-08     8.196e-07   6.569e-08     6.143e-08   5.918e-08     7.065e-09   6.044e-08     1.189e-09   5.862e-08     3.787e-10   5.683e-08     2.176e-10   5.050e-08     1.330e-10   4.309e-08     7.851e-11   3.704e-08     5.952e-11   3.221e-08     5.341e-11   2.871e-08     4.585e-11   2.663e-08     3.457e-11   2.475e-08     2.194e-11   2.130e-08     9.305e-12   1.384e-08     
9.261e+03   3.785e-06     0.000e+00   7.968e-08     8.544e-07   5.379e-08     6.398e-08   4.852e-08     7.336e-09   4.954e-08     1.229e-09   4.804e-08     3.888e-10   4.650e-08     2.212e-10   4.132e-08     1.350e-10   3.528e-08     7.994e-11   3.034e-08     6.061e-11   2.643e-08     5.416e-11   2.360e-08     4.636e-11   2.193e-08     3.493e-11   2.038e-08     2.217e-11   1.752e-08     9.403e-12   1.130e-08     
1.000e+04   3.839e-06     0.000e+00   6.382e-08     8.872e-07   4.333e-08     6.636e-08   3.912e-08     7.581e-09   3.993e-08     1.263e-09   3.872e-08     3.965e-10   3.742e-08     2.232e-10   3.325e-08     1.360e-10   2.840e-08     8.076e-11   2.445e-08     6.123e-11   2.133e-08     5.446e-11   1.909e-08     4.647e-11   1.777e-08     3.497e-11   1.652e-08     2.220e-11   1.418e-08     9.417e-12   9.064e-09     
1.080e+04   3.881e-06     0.000e+00   5.023e-08     9.177e-07   3.431e-08     6.853e-08   3.102e-08     7.797e-09   3.165e-08     1.292e-09   3.069e-08     4.016e-10   2.961e-08     2.233e-10   2.630e-08     1.357e-10   2.248e-08     8.093e-11   1.937e-08     6.137e-11   1.693e-08     5.430e-11   1.518e-08     4.616e-11   1.416e-08     3.469e-11   1.316e-08     2.202e-11   1.128e-08     9.343e-12   7.145e-09     
1.166e+04   3.913e-06     0.000e+00   3.883e-08     9.455e-07   2.671e-08     7.049e-08   2.418e-08     7.981e-09   2.467e-08     1.313e-09   2.391e-08     4.041e-10   2.303e-08     2.215e-10   2.045e-08     1.343e-10   1.749e-08     8.042e-11   1.509e-08     6.100e-11   1.321e-08     5.365e-11   1.188e-08     4.541e-11   1.109e-08     3.409e-11   1.031e-08     2.163e-11   8.820e-09     9.182e-12   5.532e-09     
1.259e+04   3.933e-06     0.000e+00   2.948e-08     9.705e-07   2.043e-08     7.220e-08   1.853e-08     8.132e-09   1.889e-08     1.328e-09   1.831e-08     4.039e-10   1.761e-08     2.180e-10   1.563e-08     1.318e-10   1.338e-08     7.924e-11   1.155e-08     6.013e-11   1.014e-08     5.254e-11   9.135e-09     4.426e-11   8.548e-09     3.317e-11   7.944e-09     2.105e-11   6.780e-09     8.936e-12   4.206e-09     
1.359e+04   3.943e-06     0.000e+00   2.199e-08     9.925e-07   1.537e-08     7.366e-08   1.395e-08     8.249e-09   1.423e-08     1.336e-09   1.379e-08     4.009e-10   1.323e-08     2.127e-10   1.174e-08     1.282e-10   1.006e-08     7.743e-11   8.696e-09     5.878e-11   7.649e-09     5.099e-11   6.909e-09     4.273e-11   6.478e-09     3.196e-11   6.017e-09     2.028e-11   5.122e-09     8.611e-12   3.140e-09     
1.468e+04   3.944e-06     0.000e+00   1.611e-08     1.012e-06   1.136e-08     7.487e-08   1.033e-08     8.332e-09   1.053e-08     1.337e-09   1.021e-08     3.955e-10   9.771e-09     2.059e-10   8.667e-09     1.236e-10   7.435e-09     7.504e-11   6.436e-09     5.700e-11   5.674e-09     4.905e-11   5.140e-09     4.086e-11   4.828e-09     3.050e-11   4.482e-09     1.935e-11   3.805e-09     8.218e-12   2.302e-09     
1.585e+04   3.937e-06     0.000e+00   1.159e-08     1.028e-06   8.258e-09     7.582e-08   7.522e-09     8.381e-09   7.664e-09     1.332e-09   7.428e-09     3.877e-10   7.095e-09     1.978e-10   6.291e-09     1.181e-10   5.403e-09     7.213e-11   4.684e-09     5.483e-11   4.140e-09     4.679e-11   3.761e-09     3.870e-11   3.540e-09     2.883e-11   3.284e-09     1.828e-11   2.778e-09     7.767e-12   1.658e-09     
1.711e+04   3.923e-06     0.000e+00   8.197e-09     1.041e-06   5.904e-09     7.653e-08   5.385e-09     8.399e-09   5.485e-09     1.321e-09   5.316e-09     3.779e-10   5.066e-09     1.886e-10   4.491e-09     1.120e-10   3.861e-09     6.879e-11   3.353e-09     5.235e-11   2.972e-09     4.426e-11   2.708e-09     3.634e-11   2.553e-09     2.699e-11   2.367e-09     1.711e-11   1.995e-09     7.272e-12   1.173e-09     
1.848e+04   3.903e-06     0.000e+00   5.696e-09     1.051e-06   4.151e-09     7.700e-08   3.791e-09     8.388e-09   3.860e-09     1.305e-09   3.741e-09     3.662e-10   3.557e-09     1.785e-10   3.152e-09     1.054e-10   2.714e-09     6.510e-11   2.361e-09     4.961e-11   2.099e-09     4.153e-11   1.919e-09     3.382e-11   1.812e-09     2.504e-11   1.678e-09     1.587e-11   1.408e-09     6.747e-12   8.147e-10     
1.995e+04   3.877e-06     0.000e+00   3.889e-09     1.059e-06   2.870e-09     7.726e-08   2.624e-09     8.350e-09   2.671e-09     1.284e-09   2.588e-09     3.531e-10   2.455e-09     1.679e-10   2.175e-09     9.844e-11   1.876e-09     6.115e-11   1.635e-09     4.668e-11   1.458e-09     3.868e-11   1.337e-09     3.121e-11   1.265e-09     2.303e-11   1.170e-09     1.459e-11   9.771e-10     6.204e-12   5.559e-10     
2.154e+04   3.845e-06     0.000e+00   2.607e-09     1.064e-06   1.950e-09     7.731e-08   1.785e-09     8.287e-09   1.815e-09     1.259e-09   1.760e-09     3.388e-10   1.665e-09     1.569e-10   1.475e-09     9.128e-11   1.274e-09     5.704e-11   1.113e-09     4.363e-11   9.959e-10     3.576e-11   9.168e-10     2.857e-11   8.687e-10     2.100e-11   8.017e-10     1.329e-11   6.662e-10     5.657e-12   3.724e-10     
2.326e+04   3.809e-06     0.000e+00   1.716e-09     1.067e-06   1.302e-09     7.716e-08   1.192e-09     8.201e-09   1.212e-09     1.230e-09   1.175e-09     3.236e-10   1.109e-09     1.458e-10   9.825e-10     8.408e-11   8.501e-10     5.283e-11   7.444e-10     4.051e-11   6.686e-10     3.283e-11   6.178e-10     2.596e-11   5.862e-10     1.900e-11   5.399e-10     1.202e-11   4.460e-10     5.115e-12   2.448e-10     
2.512e+04   3.769e-06     0.000e+00   1.107e-09     1.067e-06   8.529e-10     7.683e-08   7.811e-10     8.095e-09   7.935e-10     1.198e-09   7.691e-10     3.077e-10   7.245e-10     1.348e-10   6.420e-10     7.694e-11   5.567e-10     4.859e-11   4.888e-10     3.737e-11   4.408e-10     2.995e-11   4.089e-10     2.341e-11   3.884e-10     1.705e-11   3.569e-10     1.078e-11   2.928e-10     4.589e-12   1.577e-10     
2.712e+04   3.724e-06     0.000e+00   6.996e-10     1.066e-06   5.479e-10     7.633e-08   5.015e-10     7.971e-09   5.090e-10     1.164e-09   4.934e-10     2.913e-10   4.638e-10     1.240e-10   4.111e-10     6.997e-11   3.573e-10     4.439e-11   3.147e-10     3.426e-11   2.850e-10     2.715e-11   2.655e-10     2.097e-11   2.524e-10     1.519e-11   2.313e-10     9.590e-12   1.883e-10     4.086e-12   9.940e-11     
2.929e+04   3.674e-06     0.000e+00   4.323e-10     1.063e-06   3.445e-10     7.566e-08   3.150e-10     7.829e-09   3.194e-10     1.128e-09   3.096e-10     2.747e-10   2.904e-10     1.135e-10   2.575e-10     6.326e-11   2.245e-10     4.028e-11   1.984e-10     3.121e-11   1.805e-10     2.446e-11   1.689e-10     1.866e-11   1.607e-10     1.344e-11   1.467e-10     8.474e-12   1.185e-10     3.612e-12   6.124e-11     
3.162e+04   3.620e-06     0.000e+00   2.607e-10     1.058e-06   2.117e-10     7.483e-08   1.933e-10     7.671e-09   1.957e-10     1.089e-09   1.897e-10     2.580e-10   1.776e-10     1.034e-10   1.576e-10     5.686e-11   1.379e-10     3.629e-11   1.223e-10     2.826e-11   1.118e-10     2.190e-11   1.052e-10     1.650e-11   1.000e-10     1.182e-11   9.097e-11     7.437e-12   7.274e-11     3.171e-12   3.680e-11     
3.415e+04   3.561e-06     0.000e+00   1.532e-10     1.050e-06   1.270e-10     7.384e-08   1.156e-10     7.498e-09   1.168e-10     1.050e-09   1.132e-10     2.414e-10   1.058e-10     9.388e-11   9.404e-11     5.081e-11   8.258e-11     3.247e-11   7.361e-11     2.542e-11   6.766e-11     1.950e-11   6.393e-11     1.450e-11   6.076e-11     1.032e-11   5.502e-11     6.485e-12   4.352e-11     2.765e-12   2.153e-11     
3.687e+04   3.498e-06     0.000e+00   8.752e-11     1.041e-06   7.416e-11     7.270e-08   6.728e-11     7.310e-09   6.782e-11     1.008e-09   6.575e-11     2.250e-10   6.135e-11     8.488e-11   5.460e-11     4.516e-11   4.817e-11     2.883e-11   4.316e-11     2.272e-11   3.990e-11     1.726e-11   3.790e-11     1.267e-11   3.597e-11     8.963e-12   3.240e-11     5.619e-12   2.530e-11     2.396e-12   1.223e-11     
3.981e+04   3.429e-06     0.000e+00   4.849e-11     1.030e-06   4.209e-11     7.139e-08   3.802e-11     7.107e-09   3.821e-11     9.663e-10   3.704e-11     2.089e-10   3.451e-11     7.647e-11   3.079e-11     3.991e-11   2.731e-11     2.541e-11   2.461e-11     2.017e-11   2.289e-11     1.520e-11   2.186e-11     1.102e-11   2.071e-11     7.740e-12   1.853e-11     4.840e-12   1.427e-11     2.063e-12   6.724e-12     
4.299e+04   3.355e-06     0.000e+00   2.599e-11     1.017e-06   2.317e-11     6.993e-08   2.081e-11     6.891e-09   2.083e-11     9.234e-10   2.020e-11     1.932e-10   1.880e-11     6.866e-11   1.682e-11     3.507e-11   1.501e-11     2.221e-11   1.362e-11     1.777e-11   1.275e-11     1.330e-11   1.225e-11     9.524e-12   1.157e-11     6.647e-12   1.027e-11     4.145e-12   7.777e-12     1.766e-12   3.572e-12     
4.642e+04   3.275e-06     0.000e+00   1.344e-11     1.002e-06   1.234e-11     6.831e-08   1.101e-11     6.661e-09   1.097e-11     8.799e-10   1.064e-11     1.781e-10   9.894e-12     6.145e-11   8.883e-12     3.064e-11   7.990e-12     1.924e-11   7.299e-12     1.555e-11   6.885e-12     1.157e-11   6.652e-12     8.191e-12   6.254e-12     5.679e-12   5.502e-12     3.530e-12   4.087e-12     1.503e-12   1.827e-12     
5.012e+04   3.189e-06     0.000e+00   6.694e-12     9.841e-07   6.347e-12     6.651e-08   5.618e-12     6.418e-09   5.566e-12     8.358e-10   5.399e-12     1.636e-10   5.018e-12     5.484e-11   4.526e-12     2.661e-11   4.108e-12     1.652e-11   3.782e-12     1.350e-11   3.595e-12     9.998e-12   3.494e-12     7.007e-12   3.265e-12     4.826e-12   2.842e-12     2.988e-12   2.065e-12     1.270e-12   8.964e-13     
5.412e+04   3.097e-06     0.000e+00   3.199e-12     9.643e-07   3.145e-12     6.455e-08   2.759e-12     6.161e-09   2.713e-12     7.915e-10   2.633e-12     1.498e-10   2.447e-12     4.880e-11   2.220e-12     2.298e-11   2.036e-12     1.404e-11   1.890e-12     1.162e-11   1.811e-12     8.586e-12   1.770e-12     5.961e-12   1.642e-12     4.079e-12   1.411e-12     2.514e-12   9.993e-13     1.066e-12   4.207e-13     
5.843e+04   2.998e-06     0.000e+00   1.463e-12     9.420e-07   1.498e-12     6.241e-08   1.301e-12     5.892e-09   1.268e-12     7.471e-10   1.231e-12     1.367e-10   1.145e-12     4.333e-11   1.046e-12     1.971e-11   9.705e-13     1.181e-11   9.095e-13     9.919e-12   8.780e-13     7.325e-12   8.634e-13     5.041e-12   7.931e-13     3.426e-12   6.713e-13     2.099e-12   4.617e-13     8.883e-13   1.881e-13     
6.310e+04   2.893e-06     0.000e+00   6.387e-13     9.172e-07   6.836e-13     6.010e-08   5.877e-13     5.609e-09   5.668e-13     7.026e-10   5.505e-13     1.245e-10   5.126e-13     3.840e-11   4.723e-13     1.681e-11   4.442e-13     9.828e-12   4.202e-13     8.395e-12   4.087e-13     6.207e-12   4.041e-13     4.237e-12   3.668e-13     2.858e-12   3.051e-13     1.739e-12   2.028e-13     7.333e-13   7.977e-14     
6.813e+04   2.780e-06     0.000e+00   2.653e-13     8.897e-07   2.983e-13     5.760e-08   2.538e-13     5.314e-09   2.417e-13     6.582e-10   2.350e-13     1.131e-10   2.192e-13     3.398e-11   2.040e-13     1.425e-11   1.947e-13     8.082e-12   1.859e-13     7.045e-12   1.821e-13     5.225e-12   1.809e-13     3.537e-12   1.619e-13     2.365e-12   1.320e-13     1.427e-12   8.438e-14     5.989e-13   3.197e-14     
7.356e+04   2.661e-06     0.000e+00   1.046e-13     8.593e-07   1.240e-13     5.491e-08   1.046e-13     5.007e-09   9.810e-14     6.141e-10   9.551e-14     1.025e-10   8.931e-14     3.004e-11   8.405e-14     1.201e-11   8.152e-14     6.568e-12   7.856e-14     5.863e-12   7.741e-14     4.369e-12   7.721e-14     2.932e-12   6.794e-14     1.940e-12   5.414e-14     1.158e-12   3.311e-14     4.830e-13   1.205e-14     
7.943e+04   2.534e-06     0.000e+00   3.901e-14     8.261e-07   4.900e-14     5.205e-08   4.097e-14     4.689e-09   3.782e-14     5.702e-10   3.687e-14     9.262e-11   3.459e-14     2.652e-11   3.296e-14     1.006e-11   3.251e-14     5.275e-12   3.158e-14     4.842e-12   3.127e-14     3.631e-12   3.127e-14     2.413e-12   2.700e-14     1.576e-12   2.097e-14     9.274e-13   1.220e-14     3.839e-13   4.257e-15     
8.577e+04   2.401e-06     0.000e+00   1.373e-14     7.900e-07   1.832e-14     4.900e-08   1.523e-14     4.360e-09   1.381e-14     5.265e-10   1.349e-14     8.346e-11   1.270e-14     2.339e-11   1.227e-14     8.395e-12   1.230e-14     4.187e-12   1.203e-14     3.970e-12   1.195e-14     2.999e-12   1.197e-14     1.969e-12   1.012e-14     1.265e-12   7.647e-15     7.317e-13   4.206e-15     2.999e-13   1.403e-15     
9.261e+04   2.262e-06     0.000e+00   4.550e-15     7.508e-07   6.456e-15     4.577e-08   5.352e-15     4.021e-09   4.767e-15     4.831e-10   4.663e-15     7.491e-11   4.409e-15     2.059e-11   4.318e-15     6.973e-12   4.403e-15     3.288e-12   4.327e-15     3.234e-12   4.304e-15     2.463e-12   4.312e-15     1.593e-12   3.565e-15     1.003e-12   2.615e-15     5.674e-13   1.353e-15     2.298e-13   4.298e-16     
1.000e+05   2.116e-06     0.000e+00   1.418e-15     7.086e-07   2.139e-15     4.238e-08   1.774e-15     3.674e-09   1.553e-15     4.398e-10   1.521e-15     6.686e-11   1.445e-15     1.805e-11   1.434e-15     5.767e-12   1.485e-15     2.557e-12   1.464e-15     2.618e-12   1.455e-15     2.010e-12   1.456e-15     1.277e-12   1.177e-15     7.833e-13   8.380e-16     4.315e-13   4.063e-16     1.722e-13   1.225e-16     
1.080e+05   1.965e-06     0.000e+00   4.173e-16     6.635e-07   6.655e-16     3.884e-08   5.533e-16     3.319e-09   4.774e-16     3.964e-10   4.672e-16     5.918e-11   4.462e-16     1.572e-11   4.488e-16     4.746e-12   4.711e-16     1.972e-12   4.649e-16     2.105e-12   4.614e-16     1.626e-12   4.603e-16     1.011e-12   3.648e-16     6.019e-13   2.527e-16     3.211e-13   1.151e-16     1.259e-13   3.274e-17     
1.166e+05   1.810e-06     0.000e+00   1.171e-16     6.158e-07   1.954e-16     3.517e-08   1.629e-16     2.960e-09   1.391e-16     3.530e-10   1.356e-16     5.178e-11   1.304e-16     1.356e-11   1.328e-16     3.880e-12   1.410e-16     1.509e-12   1.392e-16     1.677e-12   1.378e-16     1.301e-12   1.368e-16     7.889e-13   1.071e-16     4.538e-13   7.281e-17     2.332e-13   3.158e-17     8.948e-14   8.398e-18     
1.259e+05   1.652e-06     0.000e+00   3.218e-17     5.655e-07   5.497e-17     3.140e-08   4.571e-17     2.598e-09   3.895e-17     3.096e-10   3.762e-17     4.459e-11   3.653e-17     1.151e-11   3.759e-17     3.139e-12   4.029e-17     1.146e-12   3.980e-17     1.319e-12   3.936e-17     1.024e-12   3.885e-17     6.036e-13   3.048e-17     3.344e-13   2.070e-17     1.648e-13   8.855e-18     6.169e-14   2.179e-18     
1.359e+05   1.494e-06     0.000e+00   9.027e-18     5.133e-07   1.527e-17     2.757e-08   1.252e-17     2.237e-09   1.075e-17     2.663e-10   1.020e-17     3.760e-11   1.005e-17     9.560e-12   1.043e-17     2.500e-12   1.126e-17     8.607e-13   1.117e-17     1.018e-12   1.108e-17     7.872e-13   1.086e-17     4.500e-13   8.754e-18     2.396e-13   6.097e-18     1.128e-13   2.706e-18     4.109e-14   6.158e-19     
1.468e+05   1.337e-06     0.000e+00   2.697e-18     4.597e-07   4.365e-18     2.375e-08   3.466e-18     1.883e-09   3.032e-18     2.236e-10   2.803e-18     3.085e-11   2.816e-18     7.718e-12   2.941e-18     1.947e-12   3.191e-18     6.366e-13   3.197e-18     7.652e-13   3.201e-18     5.863e-13   3.118e-18     3.244e-13   2.645e-18     1.659e-13   1.934e-18     7.444e-14   9.212e-19     2.632e-14   1.972e-19     
1.585e+05   1.183e-06     0.000e+00   8.630e-19     4.054e-07   1.315e-18     1.999e-08   9.977e-19     1.541e-09   8.940e-19     1.821e-10   8.023e-19     2.445e-11   8.242e-19     6.007e-12   8.639e-19     1.469e-12   9.403e-19     4.598e-13   9.562e-19     5.549e-13   9.712e-19     4.191e-13   9.426e-19     2.240e-13   8.489e-19     1.101e-13   6.537e-19     4.703e-14   3.328e-19     1.612e-14   6.869e-20     
1.711e+05   1.036e-06     0.000e+00   2.834e-19     3.516e-07   4.100e-19     1.639e-08   2.973e-19     1.221e-09   2.723e-19     1.430e-10   2.382e-19     1.858e-11   2.497e-19     4.468e-12   2.618e-19     1.064e-12   2.857e-19     3.207e-13   2.950e-19     3.839e-13   3.042e-19     2.843e-13   2.948e-19     1.466e-13   2.790e-19     6.933e-14   2.233e-19     2.821e-14   1.186e-19     9.371e-15   2.399e-20     
1.848e+05   8.979e-07     0.000e+00   9.005e-20     2.994e-07   1.260e-19     1.302e-08   8.813e-20     9.300e-10   8.198e-20     1.073e-10   7.046e-20     1.342e-11   7.499e-20     3.146e-12   7.854e-20     7.321e-13   8.582e-20     2.131e-13   8.975e-20     2.505e-13   9.366e-20     1.810e-13   9.081e-20     8.988e-14   8.877e-20     4.098e-14   7.276e-20     1.590e-14   3.950e-20     5.122e-15   7.883e-21     
1.995e+05   7.716e-07     0.000e+00   2.640e-20     2.499e-07   3.623e-20     9.989e-09   2.470e-20     6.760e-10   2.322e-20     7.630e-11   1.973e-20     9.118e-12   2.122e-20     2.075e-12   2.218e-20     4.725e-13   2.426e-20     1.331e-13   2.561e-20     1.522e-13   2.696e-20     1.069e-13   2.616e-20     5.102e-14   2.608e-20     2.245e-14   2.167e-20     8.320e-15   1.189e-20     2.603e-15   2.350e-21     
2.154e+05   6.590e-07     0.000e+00   6.923e-21     2.045e-07   9.387e-21     7.356e-09   6.281e-21     4.650e-10   5.953e-21     5.090e-11   5.018e-21     5.769e-12   5.441e-21     1.267e-12   5.672e-21     2.826e-13   6.209e-21     7.684e-14   6.595e-21     8.491e-14   6.988e-21     5.775e-14   6.782e-21     2.647e-14   6.855e-21     1.125e-14   5.748e-21     3.990e-15   3.168e-21     1.215e-15   6.215e-22     
2.326e+05   5.614e-07     0.000e+00   1.588e-21     1.641e-07   2.135e-21     5.173e-09   1.407e-21     3.001e-10   1.344e-21     3.150e-11   1.125e-21     3.358e-12   1.228e-21     7.078e-13   1.277e-21     1.544e-13   1.398e-21     4.040e-14   1.492e-21     4.290e-14   1.590e-21     2.817e-14   1.543e-21     1.237e-14   1.576e-21     5.089e-15   1.331e-21     1.729e-15   7.359e-22     5.129e-16   1.434e-22     
2.512e+05   4.788e-07     0.000e+00   3.133e-22     1.292e-07   4.180e-22     3.457e-09   2.719e-22     1.798e-10   2.616e-22     1.786e-11   2.178e-22     1.776e-12   2.391e-22     3.566e-13   2.478e-22     7.603e-14   2.714e-22     1.902e-14   2.908e-22     1.934e-14   3.112e-22     1.223e-14   3.020e-22     5.139e-15   3.115e-22     2.045e-15   2.647e-22     6.659e-16   1.468e-22     1.929e-16   2.843e-23     
2.712e+05   4.106e-07     0.000e+00   5.226e-23     1.001e-07   6.922e-23     2.182e-09   4.448e-23     9.893e-11   4.315e-23     9.156e-12   3.569e-23     8.405e-13   3.942e-23     1.596e-13   4.072e-23     3.318e-14   4.460e-23     7.881e-15   4.795e-23     7.648e-15   5.153e-23     4.648e-15   4.997e-23     1.866e-15   5.205e-23     7.183e-16   4.451e-23     2.244e-16   2.476e-23     6.353e-17   4.770e-24     
2.929e+05   3.552e-07     0.000e+00   7.251e-24     7.656e-08   9.534e-24     1.295e-09   6.054e-24     4.942e-11   5.926e-24     4.182e-12   4.869e-24     3.506e-13   5.409e-24     6.244e-14   5.569e-24     1.261e-14   6.100e-24     2.824e-15   6.575e-24     2.609e-15   7.094e-24     1.522e-15   6.873e-24     5.824e-16   7.233e-24     2.170e-16   6.225e-24     6.498e-17   3.476e-24     1.800e-17   6.664e-25     
3.162e+05   3.105e-07     0.000e+00   8.224e-25     5.793e-08   1.073e-24     7.181e-10   6.735e-25     2.214e-11   6.658e-25     1.674e-12   5.431e-25     1.267e-13   6.069e-25     2.096e-14   6.228e-25     4.100e-15   6.821e-25     8.582e-16   7.369e-25     7.537e-16   7.979e-25     4.211e-16   7.722e-25     1.535e-16   8.212e-25     5.530e-17   7.114e-25     1.587e-17   3.989e-25     4.304e-18   7.617e-26     
3.415e+05   2.745e-07     0.000e+00   7.482e-26     4.344e-08   9.682e-26     3.701e-10   6.010e-26     8.773e-12   6.005e-26     5.776e-13   4.859e-26     3.890e-14   5.463e-26     5.921e-15   5.588e-26     1.117e-15   6.120e-26     2.168e-16   6.622e-26     1.806e-16   7.196e-26     9.659e-17   6.954e-26     3.348e-17   7.476e-26     1.166e-17   6.522e-26     3.206e-18   3.674e-26     8.513e-19   6.991e-27     
3.687e+05   2.452e-07     0.000e+00   5.351e-27     3.229e-08   6.866e-27     1.762e-10   4.217e-27     3.033e-12   4.261e-27     1.685e-13   3.419e-27     9.945e-15   3.868e-27     1.378e-15   3.942e-27     2.495e-16   4.318e-27     4.456e-17   4.677e-27     3.516e-17   5.099e-27     1.797e-17   4.920e-27     5.916e-18   5.349e-27     1.993e-18   4.701e-27     5.240e-19   2.662e-27     1.363e-19   5.050e-28     
3.981e+05   2.211e-07     0.000e+00   2.949e-28     2.375e-08   3.749e-28     7.687e-11   2.279e-28     9.008e-13   2.331e-28     4.070e-14   1.853e-28     2.070e-15   2.110e-28     2.580e-16   2.142e-28     4.461e-17   2.347e-28     7.278e-18   2.543e-28     5.429e-18   2.780e-28     2.649e-18   2.678e-28     8.277e-19   2.944e-28     2.695e-19   2.608e-28     6.774e-20   1.486e-28     1.725e-20   2.816e-29     
4.299e+05   2.009e-07     0.000e+00   9.730e-30     1.722e-08   1.378e-29     3.047e-11   7.824e-30     2.263e-13   8.118e-30     7.984e-15   6.121e-30     3.429e-16   7.254e-30     3.797e-17   7.504e-30     6.234e-18   8.541e-30     9.217e-19   9.495e-30     6.486e-19   1.063e-29     3.018e-19   1.029e-29     8.941e-20   1.157e-29     2.813e-20   1.032e-29     6.757e-21   5.746e-30     1.685e-21   8.399e-31     
4.642e+05   1.836e-07     0.000e+00   5.852e-31     1.225e-08   6.005e-31     1.086e-11   3.985e-31     4.750e-14   4.154e-31     1.259e-15   3.480e-31     4.480e-17   3.810e-31     4.324e-18   3.695e-31     6.670e-19   3.785e-31     8.833e-20   3.887e-31     5.844e-20   4.082e-31     2.589e-20   3.863e-31     7.263e-21   4.213e-31     2.209e-21   3.811e-31     5.066e-22   2.336e-31     1.237e-22   6.522e-32     
5.012e+05   1.687e-07     0.000e+00   1.430e-32     8.502e-09   1.926e-32     3.442e-12   1.521e-32     8.452e-15   1.522e-32     1.733e-16   1.322e-32     5.157e-18   1.227e-32     4.121e-19   1.145e-32     5.719e-20   1.188e-32     6.428e-21   1.220e-32     3.934e-21   1.326e-32     1.648e-21   1.348e-32     4.361e-22   1.496e-32     1.279e-22   1.408e-32     2.791e-23   9.866e-33     6.669e-24   2.807e-33     
5.412e+05   1.556e-07     0.000e+00   -2.233e-32    5.722e-09   -1.433e-32    9.608e-13   -1.279e-32    1.518e-15   -1.304e-32    3.544e-17   -1.266e-32    1.061e-18   -1.238e-32    6.553e-20   -1.104e-32    7.051e-21   -9.408e-33    5.072e-22   -8.057e-33    2.562e-22   -6.950e-33    9.649e-23   -6.145e-33    2.346e-23   -5.646e-33    6.502e-24   -5.279e-33    1.262e-24   -4.641e-33    2.871e-25   -3.236e-33    
5.843e+05   1.440e-07     0.000e+00   2.979e-34     3.707e-09   2.182e-34     2.385e-13   1.980e-34     4.852e-16   1.972e-34     1.885e-17   1.879e-34     6.140e-19   1.743e-34     3.436e-20   1.548e-34     3.183e-21   1.366e-34     1.603e-22   1.208e-34     6.786e-23   1.119e-34     2.314e-23   1.069e-34     5.397e-24   1.064e-34     1.406e-24   1.031e-34     2.023e-25   9.004e-35     3.886e-26   5.209e-35     
6.310e+05   1.334e-07     0.000e+00   1.334e-31     2.294e-09   8.473e-32     5.761e-14   7.545e-32     3.096e-16   7.756e-32     1.439e-17   7.547e-32     4.670e-19   7.452e-32     2.532e-20   6.632e-32     2.282e-21   5.592e-32     1.144e-22   4.748e-32     5.147e-23   4.027e-32     1.821e-23   3.484e-32     4.446e-24   3.142e-32     1.171e-24   2.895e-32     1.614e-25   2.517e-32     2.981e-26   1.793e-32     
6.813e+05   1.237e-07     0.000e+00   2.018e-32     1.345e-09   1.388e-32     1.810e-14   1.258e-32     2.398e-16   1.282e-32     1.140e-17   1.243e-32     3.620e-19   1.198e-32     1.914e-20   1.066e-32     1.708e-21   9.162e-33     8.899e-23   7.932e-33     4.344e-23   6.972e-33     1.602e-23   6.281e-33     4.066e-24   5.873e-33     1.086e-24   5.461e-33     1.498e-25   4.669e-33     2.748e-26   2.938e-33     
7.356e+05   1.146e-07     0.000e+00   -1.482e-31    7.403e-10   -9.687e-32    9.494e-15   -8.671e-32    1.892e-16   -8.866e-32    9.008e-18   -8.604e-32    2.797e-19   -8.407e-32    1.448e-20   -7.484e-32    1.292e-21   -6.368e-32    7.097e-23   -5.455e-32    3.737e-23   -4.707e-32    1.431e-23   -4.155e-32    3.741e-24   -3.822e-32    1.012e-24   -3.552e-32    1.400e-25   -3.079e-32    2.553e-26   -2.086e-32    
7.943e+05   1.060e-07     0.000e+00   -1.915e-32    3.794e-10   -1.273e-32    6.676e-15   -1.146e-32    1.486e-16   -1.172e-32    7.075e-18   -1.138e-32    2.146e-19   -1.106e-32    1.093e-20   -9.827e-33    9.838e-22   -8.366e-33    5.779e-23   -7.172e-33    3.255e-23   -6.208e-33    1.289e-23   -5.504e-33    3.448e-24   -5.086e-33    9.446e-25   -4.725e-33    1.311e-25   -4.081e-33    2.377e-26   -2.692e-33    
8.577e+05   9.784e-08     0.000e+00   5.949e-32     1.795e-10   3.900e-32     5.011e-15   3.495e-32     1.158e-16   3.577e-32     5.507e-18   3.473e-32     1.633e-19   3.393e-32     8.222e-21   3.018e-32     7.529e-22   2.564e-32     4.793e-23   2.194e-32     2.860e-23   1.890e-32     1.166e-23   1.666e-32     3.180e-24   1.530e-32     8.816e-25   1.418e-32     1.227e-25   1.226e-32     2.215e-26   8.273e-33     
9.261e+05   8.998e-08     0.000e+00   2.732e-31     7.769e-11   1.783e-31     3.767e-15   1.597e-31     8.922e-17   1.635e-31     4.239e-18   1.588e-31     1.229e-19   1.553e-31     6.152e-21   1.381e-31     5.779e-22   1.173e-31     4.038e-23   1.003e-31     2.528e-23   8.626e-32     1.059e-23   7.590e-32     2.931e-24   6.958e-32     8.220e-25   6.449e-32     1.148e-25   5.582e-32     2.062e-26   3.791e-32     
