!Kinetic energy of electrons,
!first row: H nuclei concentration [cm-3], nb of rows (= nb of times),
!data: time (s), conc of electrons (from spectrum) [cm-3], total energy [eV cm-3], median energy [eV],
! 2.000000e+04   151    
0.0000e+00   1.0000e-02   1.0000e+00   1.0000e+02   
1.0000e+01   1.0055e-02   9.9852e-01   9.9306e+01   
1.0798e+01   1.0059e-02   9.9840e-01   9.9251e+01   
1.1659e+01   1.0064e-02   9.9827e-01   9.9191e+01   
1.2589e+01   1.0069e-02   9.9814e-01   9.9127e+01   
1.3594e+01   1.0075e-02   9.9799e-01   9.9058e+01   
1.4678e+01   1.0081e-02   9.9783e-01   9.8984e+01   
1.5849e+01   1.0087e-02   9.9765e-01   9.8903e+01   
1.7113e+01   1.0094e-02   9.9747e-01   9.8817e+01   
1.8478e+01   1.0102e-02   9.9726e-01   9.8723e+01   
1.9953e+01   1.0110e-02   9.9705e-01   9.8623e+01   
2.1544e+01   1.0118e-02   9.9681e-01   9.8514e+01   
2.3263e+01   1.0128e-02   9.9656e-01   9.8397e+01   
2.5119e+01   1.0138e-02   9.9628e-01   9.8271e+01   
2.7123e+01   1.0149e-02   9.9598e-01   9.8135e+01   
2.9286e+01   1.0161e-02   9.9566e-01   9.7989e+01   
3.1623e+01   1.0174e-02   9.9532e-01   9.7831e+01   
3.4145e+01   1.0188e-02   9.9495e-01   9.7662e+01   
3.6869e+01   1.0203e-02   9.9454e-01   9.7479e+01   
3.9811e+01   1.0219e-02   9.9411e-01   9.7282e+01   
4.2987e+01   1.0236e-02   9.9364e-01   9.7071e+01   
4.6416e+01   1.0255e-02   9.9313e-01   9.6843e+01   
5.0119e+01   1.0275e-02   9.9258e-01   9.6598e+01   
5.4117e+01   1.0297e-02   9.9199e-01   9.6335e+01   
5.8434e+01   1.0321e-02   9.9135e-01   9.6052e+01   
6.3096e+01   1.0347e-02   9.9066e-01   9.5749e+01   
6.8129e+01   1.0374e-02   9.8992e-01   9.5422e+01   
7.3564e+01   1.0404e-02   9.8912e-01   9.5072e+01   
7.9433e+01   1.0436e-02   9.8825e-01   9.4696e+01   
8.5770e+01   1.0471e-02   9.8731e-01   9.4292e+01   
9.2612e+01   1.0508e-02   9.8630e-01   9.3860e+01   
1.0000e+02   1.0549e-02   9.8521e-01   9.3397e+01   
1.0798e+02   1.0592e-02   9.8404e-01   9.2901e+01   
1.1659e+02   1.0639e-02   9.8276e-01   9.2370e+01   
1.2589e+02   1.0690e-02   9.8139e-01   9.1803e+01   
1.3594e+02   1.0745e-02   9.7991e-01   9.1196e+01   
1.4678e+02   1.0804e-02   9.7831e-01   9.0549e+01   
1.5849e+02   1.0868e-02   9.7659e-01   8.9858e+01   
1.7113e+02   1.0937e-02   9.7472e-01   8.9121e+01   
1.8478e+02   1.1011e-02   9.7272e-01   8.8337e+01   
1.9953e+02   1.1092e-02   9.7055e-01   8.7502e+01   
2.1544e+02   1.1178e-02   9.6821e-01   8.6616e+01   
2.3263e+02   1.1272e-02   9.6568e-01   8.5674e+01   
2.5119e+02   1.1372e-02   9.6296e-01   8.4677e+01   
2.7123e+02   1.1481e-02   9.6002e-01   8.3620e+01   
2.9286e+02   1.1598e-02   9.5685e-01   8.2503e+01   
3.1623e+02   1.1724e-02   9.5343e-01   8.1323e+01   
3.4145e+02   1.1860e-02   9.4974e-01   8.0079e+01   
3.6869e+02   1.2007e-02   9.4576e-01   7.8771e+01   
3.9811e+02   1.2164e-02   9.4147e-01   7.7396e+01   
4.2987e+02   1.2335e-02   9.3685e-01   7.5953e+01   
4.6416e+02   1.2518e-02   9.3187e-01   7.4444e+01   
5.0119e+02   1.2715e-02   9.2650e-01   7.2867e+01   
5.4117e+02   1.2927e-02   9.2072e-01   7.1223e+01   
5.8434e+02   1.3156e-02   9.1449e-01   6.9513e+01   
6.3096e+02   1.3401e-02   9.0778e-01   6.7739e+01   
6.8129e+02   1.3665e-02   9.0057e-01   6.5903e+01   
7.3564e+02   1.3949e-02   8.9281e-01   6.4007e+01   
7.9433e+02   1.4253e-02   8.8446e-01   6.2054e+01   
8.5770e+02   1.4580e-02   8.7550e-01   6.0049e+01   
9.2612e+02   1.4930e-02   8.6587e-01   5.7996e+01   
1.0000e+03   1.5305e-02   8.5554e-01   5.5900e+01   
1.0798e+03   1.5706e-02   8.4446e-01   5.3766e+01   
1.1659e+03   1.6135e-02   8.3260e-01   5.1602e+01   
1.2589e+03   1.6593e-02   8.1990e-01   4.9414e+01   
1.3594e+03   1.7080e-02   8.0634e-01   4.7208e+01   
1.4678e+03   1.7599e-02   7.9186e-01   4.4994e+01   
1.5849e+03   1.8150e-02   7.7643e-01   4.2778e+01   
1.7113e+03   1.8734e-02   7.6003e-01   4.0569e+01   
1.8478e+03   1.9351e-02   7.4262e-01   3.8376e+01   
1.9953e+03   2.0002e-02   7.2418e-01   3.6206e+01   
2.1544e+03   2.0685e-02   7.0471e-01   3.4069e+01   
2.3263e+03   2.1400e-02   6.8421e-01   3.1972e+01   
2.5119e+03   2.2146e-02   6.6269e-01   2.9924e+01   
2.7123e+03   2.2921e-02   6.4020e-01   2.7931e+01   
2.9286e+03   2.3720e-02   6.1678e-01   2.6002e+01   
3.1623e+03   2.4541e-02   5.9250e-01   2.4143e+01   
3.4145e+03   2.5379e-02   5.6747e-01   2.2360e+01   
3.6869e+03   2.6227e-02   5.4182e-01   2.0659e+01   
3.9811e+03   2.7080e-02   5.1569e-01   1.9043e+01   
4.2987e+03   2.7929e-02   4.8925e-01   1.7518e+01   
4.6416e+03   2.8767e-02   4.6272e-01   1.6085e+01   
5.0119e+03   2.9585e-02   4.3629e-01   1.4747e+01   
5.4117e+03   3.0374e-02   4.1021e-01   1.3505e+01   
5.8434e+03   3.1125e-02   3.8472e-01   1.2360e+01   
6.3096e+03   3.1831e-02   3.6005e-01   1.1311e+01   
6.8129e+03   3.2483e-02   3.3642e-01   1.0357e+01   
7.3564e+03   3.3077e-02   3.1404e-01   9.4942e+00   
7.9433e+03   3.3608e-02   2.9308e-01   8.7204e+00   
8.5770e+03   3.4074e-02   2.7366e-01   8.0313e+00   
9.2612e+03   3.4475e-02   2.5587e-01   7.4219e+00   
1.0000e+04   3.4813e-02   2.3975e-01   6.8867e+00   
1.0798e+04   3.5092e-02   2.2528e-01   6.4195e+00   
1.1659e+04   3.5317e-02   2.1240e-01   6.0139e+00   
1.2589e+04   3.5495e-02   2.0101e-01   5.6631e+00   
1.3594e+04   3.5631e-02   1.9100e-01   5.3604e+00   
1.4678e+04   3.5734e-02   1.8221e-01   5.0991e+00   
1.5849e+04   3.5809e-02   1.7451e-01   4.8732e+00   
1.7113e+04   3.5863e-02   1.6772e-01   4.6767e+00   
1.8478e+04   3.5901e-02   1.6171e-01   4.5044e+00   
1.9953e+04   3.5927e-02   1.5635e-01   4.3518e+00   
2.1544e+04   3.5944e-02   1.5149e-01   4.2148e+00   
2.3263e+04   3.5955e-02   1.4705e-01   4.0899e+00   
2.5119e+04   3.5962e-02   1.4292e-01   3.9743e+00   
2.7123e+04   3.5966e-02   1.3902e-01   3.8654e+00   
2.9286e+04   3.5968e-02   1.3529e-01   3.7614e+00   
3.1623e+04   3.5970e-02   1.3166e-01   3.6603e+00   
3.4145e+04   3.5971e-02   1.2809e-01   3.5609e+00   
3.6869e+04   3.5971e-02   1.2453e-01   3.4620e+00   
3.9811e+04   3.5971e-02   1.2096e-01   3.3626e+00   
4.2987e+04   3.5971e-02   1.1734e-01   3.2619e+00   
4.6416e+04   3.5972e-02   1.1365e-01   3.1593e+00   
5.0119e+04   3.5972e-02   1.0987e-01   3.0542e+00   
5.4117e+04   3.5972e-02   1.0598e-01   2.9463e+00   
5.8434e+04   3.5972e-02   1.0199e-01   2.8352e+00   
6.3096e+04   3.5972e-02   9.7868e-02   2.7207e+00   
6.8129e+04   3.5972e-02   9.3626e-02   2.6028e+00   
7.3564e+04   3.5972e-02   8.9261e-02   2.4814e+00   
7.9433e+04   3.5972e-02   8.4780e-02   2.3569e+00   
8.5770e+04   3.5972e-02   8.0193e-02   2.2294e+00   
9.2612e+04   3.5972e-02   7.5518e-02   2.0994e+00   
1.0000e+05   3.5972e-02   7.0778e-02   1.9676e+00   
1.0798e+05   3.5972e-02   6.6003e-02   1.8349e+00   
1.1659e+05   3.5972e-02   6.1229e-02   1.7022e+00   
1.2589e+05   3.5972e-02   5.6499e-02   1.5707e+00   
1.3594e+05   3.5972e-02   5.1860e-02   1.4417e+00   
1.4678e+05   3.5972e-02   4.7365e-02   1.3167e+00   
1.5849e+05   3.5972e-02   4.3068e-02   1.1973e+00   
1.7113e+05   3.5972e-02   3.9019e-02   1.0847e+00   
1.8478e+05   3.5972e-02   3.5265e-02   9.8037e-01   
1.9953e+05   3.5972e-02   3.1842e-02   8.8520e-01   
2.1544e+05   3.5972e-02   2.8771e-02   7.9984e-01   
2.3263e+05   3.5972e-02   2.6059e-02   7.2442e-01   
2.5119e+05   3.5972e-02   2.3692e-02   6.5863e-01   
2.7123e+05   3.5972e-02   2.1646e-02   6.0174e-01   
2.9286e+05   3.5972e-02   1.9883e-02   5.5275e-01   
3.1623e+05   3.5972e-02   1.8364e-02   5.1051e-01   
3.4145e+05   3.5972e-02   1.7047e-02   4.7391e-01   
3.6869e+05   3.5972e-02   1.5897e-02   4.4192e-01   
3.9811e+05   3.5972e-02   1.4881e-02   4.1369e-01   
4.2987e+05   3.5972e-02   1.3976e-02   3.8852e-01   
4.6416e+05   3.5972e-02   1.3160e-02   3.6584e-01   
5.0119e+05   3.5972e-02   1.2417e-02   3.4519e-01   
5.4117e+05   3.5972e-02   1.1733e-02   3.2618e-01   
5.8434e+05   3.5972e-02   1.1096e-02   3.0847e-01   
6.3096e+05   3.5972e-02   1.0496e-02   2.9178e-01   
6.8129e+05   3.5972e-02   9.9236e-03   2.7587e-01   
7.3564e+05   3.5972e-02   9.3722e-03   2.6055e-01   
7.9433e+05   3.5972e-02   8.8366e-03   2.4566e-01   
8.5770e+05   3.5972e-02   8.3133e-03   2.3111e-01   
9.2612e+05   3.5972e-02   7.8007e-03   2.1686e-01   
