!Evolution of population densities [cm-3] of vibrational states of H2,
!first row: H nuclei concentration [cm-3], nb of times, number of vibr states,
!second row: summed value, v state nb,
! 2.000000e+04   151    15     
!time(s)     sum          0           1           2           3           4           5           6           7           8           9           10          11          12          13          14          
0.0000e+00   1.000e+04    1.000e+04   1.000e-99   1.000e-99   1.000e-99   1.000e-99   1.000e-99   1.000e-99   1.000e-99   1.000e-99   1.000e-99   1.000e-99   1.000e-99   1.000e-99   1.000e-99   1.000e-99   
1.0000e+01   1.000e+04    1.000e+04   4.006e-06   3.572e-06   3.670e-06   3.570e-06   3.514e-06   3.124e-06   2.635e-06   2.240e-06   1.905e-06   1.654e-06   1.497e-06   1.379e-06   1.195e-06   8.353e-07   
1.0798e+01   1.000e+04    1.000e+04   4.326e-06   3.857e-06   3.962e-06   3.855e-06   3.794e-06   3.373e-06   2.845e-06   2.418e-06   2.057e-06   1.786e-06   1.616e-06   1.489e-06   1.290e-06   9.020e-07   
1.1659e+01   1.000e+04    1.000e+04   4.671e-06   4.164e-06   4.278e-06   4.162e-06   4.097e-06   3.642e-06   3.072e-06   2.611e-06   2.221e-06   1.928e-06   1.745e-06   1.608e-06   1.393e-06   9.739e-07   
1.2589e+01   1.000e+04    1.000e+04   5.045e-06   4.497e-06   4.620e-06   4.494e-06   4.423e-06   3.932e-06   3.317e-06   2.819e-06   2.398e-06   2.082e-06   1.885e-06   1.736e-06   1.504e-06   1.052e-06   
1.3594e+01   1.000e+04    1.000e+04   5.448e-06   4.855e-06   4.988e-06   4.853e-06   4.776e-06   4.246e-06   3.582e-06   3.044e-06   2.589e-06   2.248e-06   2.035e-06   1.875e-06   1.624e-06   1.135e-06   
1.4678e+01   1.000e+04    1.000e+04   5.883e-06   5.243e-06   5.386e-06   5.240e-06   5.157e-06   4.585e-06   3.868e-06   3.287e-06   2.796e-06   2.428e-06   2.197e-06   2.024e-06   1.754e-06   1.226e-06   
1.5849e+01   1.000e+04    1.000e+04   6.354e-06   5.661e-06   5.815e-06   5.658e-06   5.568e-06   4.950e-06   4.176e-06   3.549e-06   3.019e-06   2.621e-06   2.372e-06   2.186e-06   1.894e-06   1.324e-06   
1.7113e+01   1.000e+04    1.000e+04   6.861e-06   6.112e-06   6.279e-06   6.109e-06   6.012e-06   5.345e-06   4.509e-06   3.832e-06   3.259e-06   2.830e-06   2.562e-06   2.360e-06   2.045e-06   1.429e-06   
1.8478e+01   1.000e+04    1.000e+04   7.410e-06   6.600e-06   6.780e-06   6.596e-06   6.492e-06   5.772e-06   4.869e-06   4.138e-06   3.519e-06   3.056e-06   2.766e-06   2.548e-06   2.208e-06   1.543e-06   
1.9953e+01   1.000e+04    1.000e+04   8.003e-06   7.126e-06   7.321e-06   7.122e-06   7.010e-06   6.232e-06   5.257e-06   4.468e-06   3.800e-06   3.300e-06   2.987e-06   2.752e-06   2.384e-06   1.666e-06   
2.1544e+01   1.000e+04    1.000e+04   8.643e-06   7.695e-06   7.905e-06   7.690e-06   7.568e-06   6.729e-06   5.676e-06   4.824e-06   4.103e-06   3.563e-06   3.225e-06   2.971e-06   2.574e-06   1.799e-06   
2.3263e+01   1.000e+04    1.000e+04   9.334e-06   8.309e-06   8.535e-06   8.303e-06   8.172e-06   7.265e-06   6.129e-06   5.209e-06   4.430e-06   3.847e-06   3.482e-06   3.208e-06   2.779e-06   1.943e-06   
2.5119e+01   1.000e+04    1.000e+04   1.008e-05   8.972e-06   9.216e-06   8.966e-06   8.824e-06   7.845e-06   6.618e-06   5.624e-06   4.783e-06   4.154e-06   3.760e-06   3.464e-06   3.001e-06   2.098e-06   
2.7123e+01   1.000e+04    1.000e+04   1.089e-05   9.687e-06   9.950e-06   9.680e-06   9.527e-06   8.470e-06   7.145e-06   6.073e-06   5.165e-06   4.485e-06   4.059e-06   3.740e-06   3.240e-06   2.265e-06   
2.9286e+01   1.000e+04    1.000e+04   1.176e-05   1.046e-05   1.074e-05   1.045e-05   1.029e-05   9.146e-06   7.715e-06   6.557e-06   5.577e-06   4.843e-06   4.383e-06   4.039e-06   3.499e-06   2.446e-06   
3.1623e+01   1.000e+04    1.000e+04   1.270e-05   1.129e-05   1.160e-05   1.129e-05   1.111e-05   9.875e-06   8.330e-06   7.080e-06   6.021e-06   5.229e-06   4.733e-06   4.361e-06   3.778e-06   2.641e-06   
3.4145e+01   1.000e+04    1.000e+04   1.372e-05   1.220e-05   1.253e-05   1.219e-05   1.199e-05   1.066e-05   8.995e-06   7.644e-06   6.501e-06   5.646e-06   5.110e-06   4.708e-06   4.079e-06   2.851e-06   
3.6869e+01   1.000e+04    1.000e+04   1.482e-05   1.317e-05   1.352e-05   1.316e-05   1.295e-05   1.151e-05   9.712e-06   8.254e-06   7.020e-06   6.096e-06   5.518e-06   5.084e-06   4.404e-06   3.079e-06   
3.9811e+01   1.000e+04    1.000e+04   1.601e-05   1.422e-05   1.460e-05   1.421e-05   1.398e-05   1.243e-05   1.049e-05   8.912e-06   7.580e-06   6.582e-06   5.957e-06   5.489e-06   4.756e-06   3.324e-06   
4.2987e+01   1.000e+04    1.000e+04   1.729e-05   1.535e-05   1.577e-05   1.534e-05   1.510e-05   1.342e-05   1.132e-05   9.622e-06   8.184e-06   7.107e-06   6.432e-06   5.927e-06   5.135e-06   3.589e-06   
4.6416e+01   1.000e+04    1.000e+04   1.868e-05   1.658e-05   1.702e-05   1.656e-05   1.630e-05   1.449e-05   1.222e-05   1.039e-05   8.836e-06   7.673e-06   6.945e-06   6.399e-06   5.544e-06   3.875e-06   
5.0119e+01   1.000e+04    1.000e+04   2.018e-05   1.790e-05   1.838e-05   1.788e-05   1.760e-05   1.565e-05   1.320e-05   1.122e-05   9.541e-06   8.285e-06   7.499e-06   6.910e-06   5.986e-06   4.184e-06   
5.4117e+01   1.000e+04    1.000e+04   2.180e-05   1.933e-05   1.985e-05   1.931e-05   1.900e-05   1.689e-05   1.425e-05   1.211e-05   1.030e-05   8.946e-06   8.097e-06   7.460e-06   6.463e-06   4.518e-06   
5.8434e+01   1.000e+04    1.000e+04   2.355e-05   2.087e-05   2.143e-05   2.085e-05   2.052e-05   1.824e-05   1.539e-05   1.308e-05   1.112e-05   9.659e-06   8.742e-06   8.055e-06   6.979e-06   4.878e-06   
6.3096e+01   1.000e+04    1.000e+04   2.544e-05   2.253e-05   2.314e-05   2.251e-05   2.215e-05   1.969e-05   1.661e-05   1.412e-05   1.201e-05   1.043e-05   9.439e-06   8.697e-06   7.535e-06   5.267e-06   
6.8129e+01   1.000e+04    1.000e+04   2.749e-05   2.433e-05   2.498e-05   2.430e-05   2.391e-05   2.126e-05   1.794e-05   1.524e-05   1.297e-05   1.126e-05   1.019e-05   9.390e-06   8.136e-06   5.687e-06   
7.3564e+01   1.000e+04    1.000e+04   2.970e-05   2.627e-05   2.697e-05   2.624e-05   2.582e-05   2.296e-05   1.937e-05   1.646e-05   1.400e-05   1.216e-05   1.100e-05   1.014e-05   8.784e-06   6.140e-06   
7.9433e+01   1.000e+04    1.000e+04   3.209e-05   2.836e-05   2.912e-05   2.833e-05   2.788e-05   2.478e-05   2.091e-05   1.777e-05   1.511e-05   1.313e-05   1.188e-05   1.095e-05   9.484e-06   6.629e-06   
8.5770e+01   1.000e+04    1.000e+04   3.468e-05   3.063e-05   3.144e-05   3.058e-05   3.010e-05   2.676e-05   2.257e-05   1.919e-05   1.632e-05   1.417e-05   1.283e-05   1.182e-05   1.024e-05   7.157e-06   
9.2612e+01   1.000e+04    1.000e+04   3.748e-05   3.307e-05   3.394e-05   3.302e-05   3.249e-05   2.889e-05   2.437e-05   2.071e-05   1.762e-05   1.530e-05   1.385e-05   1.276e-05   1.106e-05   7.727e-06   
1.0000e+02   1.000e+04    1.000e+04   4.050e-05   3.571e-05   3.665e-05   3.565e-05   3.508e-05   3.119e-05   2.631e-05   2.236e-05   1.902e-05   1.652e-05   1.495e-05   1.378e-05   1.194e-05   8.343e-06   
1.0798e+02   1.000e+04    1.000e+04   4.378e-05   3.855e-05   3.957e-05   3.849e-05   3.788e-05   3.367e-05   2.841e-05   2.414e-05   2.054e-05   1.783e-05   1.614e-05   1.488e-05   1.289e-05   9.007e-06   
1.1659e+02   1.000e+04    1.000e+04   4.732e-05   4.163e-05   4.272e-05   4.155e-05   4.089e-05   3.635e-05   3.067e-05   2.607e-05   2.217e-05   1.925e-05   1.743e-05   1.606e-05   1.391e-05   9.725e-06   
1.2589e+02   1.000e+04    1.000e+04   5.115e-05   4.495e-05   4.612e-05   4.486e-05   4.414e-05   3.925e-05   3.311e-05   2.814e-05   2.394e-05   2.079e-05   1.882e-05   1.734e-05   1.502e-05   1.050e-05   
1.3594e+02   1.000e+04    1.000e+04   5.530e-05   4.853e-05   4.979e-05   4.843e-05   4.766e-05   4.237e-05   3.574e-05   3.038e-05   2.584e-05   2.244e-05   2.031e-05   1.872e-05   1.622e-05   1.133e-05   
1.4678e+02   1.000e+04    1.000e+04   5.979e-05   5.240e-05   5.375e-05   5.228e-05   5.145e-05   4.574e-05   3.859e-05   3.280e-05   2.790e-05   2.423e-05   2.193e-05   2.021e-05   1.751e-05   1.224e-05   
1.5849e+02   1.000e+04    1.000e+04   6.465e-05   5.657e-05   5.803e-05   5.644e-05   5.554e-05   4.938e-05   4.166e-05   3.541e-05   3.012e-05   2.616e-05   2.368e-05   2.182e-05   1.890e-05   1.321e-05   
1.7113e+02   1.000e+04    1.000e+04   6.991e-05   6.108e-05   6.264e-05   6.093e-05   5.996e-05   5.330e-05   4.497e-05   3.822e-05   3.251e-05   2.824e-05   2.556e-05   2.356e-05   2.041e-05   1.426e-05   
1.8478e+02   1.000e+04    1.000e+04   7.561e-05   6.595e-05   6.762e-05   6.577e-05   6.472e-05   5.754e-05   4.854e-05   4.126e-05   3.510e-05   3.048e-05   2.759e-05   2.543e-05   2.203e-05   1.540e-05   
1.9953e+02   1.000e+04    1.000e+04   8.179e-05   7.120e-05   7.300e-05   7.100e-05   6.986e-05   6.211e-05   5.240e-05   4.454e-05   3.789e-05   3.290e-05   2.979e-05   2.745e-05   2.378e-05   1.662e-05   
2.1544e+02   1.000e+04    1.000e+04   8.848e-05   7.687e-05   7.880e-05   7.664e-05   7.541e-05   6.704e-05   5.656e-05   4.808e-05   4.090e-05   3.552e-05   3.216e-05   2.963e-05   2.568e-05   1.794e-05   
2.3263e+02   1.000e+04    1.000e+04   9.573e-05   8.300e-05   8.506e-05   8.273e-05   8.140e-05   7.236e-05   6.106e-05   5.189e-05   4.414e-05   3.834e-05   3.471e-05   3.199e-05   2.772e-05   1.937e-05   
2.5119e+02   1.000e+04    1.000e+04   1.036e-04   8.960e-05   9.181e-05   8.929e-05   8.786e-05   7.811e-05   6.590e-05   5.601e-05   4.765e-05   4.139e-05   3.747e-05   3.453e-05   2.992e-05   2.090e-05   
2.7123e+02   1.000e+04    1.000e+04   1.121e-04   9.674e-05   9.910e-05   9.638e-05   9.482e-05   8.430e-05   7.113e-05   6.046e-05   5.143e-05   4.467e-05   4.044e-05   3.727e-05   3.230e-05   2.256e-05   
2.9286e+02   1.000e+04    1.000e+04   1.214e-04   1.044e-04   1.070e-04   1.040e-04   1.023e-04   9.098e-05   7.676e-05   6.525e-05   5.551e-05   4.821e-05   4.365e-05   4.023e-05   3.486e-05   2.435e-05   
3.1623e+02   1.000e+04    1.000e+04   1.314e-04   1.127e-04   1.154e-04   1.123e-04   1.104e-04   9.818e-05   8.285e-05   7.042e-05   5.991e-05   5.203e-05   4.711e-05   4.342e-05   3.762e-05   2.628e-05   
3.4145e+02   1.000e+04    1.000e+04   1.423e-04   1.217e-04   1.246e-04   1.211e-04   1.192e-04   1.060e-04   8.940e-05   7.599e-05   6.465e-05   5.616e-05   5.085e-05   4.687e-05   4.061e-05   2.836e-05   
3.6869e+02   1.000e+04    1.000e+04   1.541e-04   1.314e-04   1.344e-04   1.307e-04   1.286e-04   1.143e-04   9.647e-05   8.200e-05   6.977e-05   6.060e-05   5.487e-05   5.058e-05   4.383e-05   3.061e-05   
3.9811e+02   1.000e+04    1.000e+04   1.670e-04   1.418e-04   1.451e-04   1.411e-04   1.388e-04   1.234e-04   1.041e-04   8.848e-05   7.528e-05   6.539e-05   5.922e-05   5.458e-05   4.730e-05   3.303e-05   
4.2987e+02   1.000e+04    1.000e+04   1.809e-04   1.531e-04   1.565e-04   1.522e-04   1.497e-04   1.331e-04   1.123e-04   9.547e-05   8.123e-05   7.056e-05   6.390e-05   5.890e-05   5.104e-05   3.564e-05   
4.6416e+02   1.000e+04    1.000e+04   1.961e-04   1.652e-04   1.689e-04   1.642e-04   1.615e-04   1.436e-04   1.212e-04   1.030e-04   8.763e-05   7.613e-05   6.894e-05   6.355e-05   5.507e-05   3.845e-05   
5.0119e+02   1.000e+04    1.000e+04   2.126e-04   1.783e-04   1.822e-04   1.771e-04   1.742e-04   1.549e-04   1.307e-04   1.111e-04   9.454e-05   8.213e-05   7.438e-05   6.857e-05   5.942e-05   4.149e-05   
5.4117e+02   1.000e+04    1.000e+04   2.306e-04   1.924e-04   1.965e-04   1.911e-04   1.879e-04   1.671e-04   1.410e-04   1.198e-04   1.020e-04   8.859e-05   8.024e-05   7.397e-05   6.410e-05   4.475e-05   
5.8434e+02   1.000e+04    1.000e+04   2.502e-04   2.076e-04   2.120e-04   2.061e-04   2.027e-04   1.802e-04   1.520e-04   1.292e-04   1.100e-04   9.555e-05   8.654e-05   7.979e-05   6.914e-05   4.827e-05   
6.3096e+02   1.000e+04    1.000e+04   2.715e-04   2.240e-04   2.286e-04   2.222e-04   2.185e-04   1.943e-04   1.639e-04   1.394e-04   1.186e-04   1.030e-04   9.334e-05   8.606e-05   7.458e-05   5.205e-05   
6.8129e+02   1.000e+04    1.000e+04   2.947e-04   2.417e-04   2.465e-04   2.396e-04   2.356e-04   2.094e-04   1.768e-04   1.503e-04   1.279e-04   1.111e-04   1.006e-04   9.280e-05   8.042e-05   5.613e-05   
7.3564e+02   1.000e+04    1.000e+04   3.200e-04   2.608e-04   2.657e-04   2.583e-04   2.539e-04   2.257e-04   1.905e-04   1.620e-04   1.379e-04   1.198e-04   1.085e-04   1.001e-04   8.672e-05   6.051e-05   
7.9433e+02   1.000e+04    1.000e+04   3.477e-04   2.812e-04   2.864e-04   2.783e-04   2.737e-04   2.433e-04   2.053e-04   1.746e-04   1.486e-04   1.291e-04   1.170e-04   1.079e-04   9.348e-05   6.523e-05   
8.5770e+02   1.000e+04    1.000e+04   3.778e-04   3.033e-04   3.087e-04   2.999e-04   2.949e-04   2.621e-04   2.212e-04   1.881e-04   1.601e-04   1.391e-04   1.261e-04   1.163e-04   1.008e-04   7.029e-05   
9.2612e+02   1.000e+04    1.000e+04   4.108e-04   3.270e-04   3.325e-04   3.231e-04   3.176e-04   2.823e-04   2.383e-04   2.026e-04   1.725e-04   1.499e-04   1.358e-04   1.253e-04   1.086e-04   7.573e-05   
1.0000e+03   1.000e+04    1.000e+04   4.468e-04   3.525e-04   3.582e-04   3.479e-04   3.420e-04   3.040e-04   2.566e-04   2.182e-04   1.858e-04   1.614e-04   1.463e-04   1.349e-04   1.170e-04   8.156e-05   
1.0798e+03   1.000e+04    1.000e+04   4.862e-04   3.799e-04   3.856e-04   3.746e-04   3.682e-04   3.273e-04   2.763e-04   2.349e-04   2.000e-04   1.738e-04   1.575e-04   1.453e-04   1.260e-04   8.782e-05   
1.1659e+03   1.000e+04    1.000e+04   5.293e-04   4.093e-04   4.151e-04   4.031e-04   3.962e-04   3.521e-04   2.973e-04   2.528e-04   2.152e-04   1.871e-04   1.696e-04   1.564e-04   1.356e-04   9.452e-05   
1.2589e+03   1.000e+04    1.000e+04   5.764e-04   4.409e-04   4.466e-04   4.336e-04   4.261e-04   3.788e-04   3.198e-04   2.719e-04   2.315e-04   2.012e-04   1.824e-04   1.683e-04   1.459e-04   1.017e-04   
1.3594e+03   1.000e+04    1.000e+04   6.281e-04   4.747e-04   4.802e-04   4.662e-04   4.581e-04   4.072e-04   3.438e-04   2.924e-04   2.489e-04   2.164e-04   1.962e-04   1.810e-04   1.569e-04   1.094e-04   
1.4678e+03   1.000e+04    1.000e+04   6.848e-04   5.108e-04   5.161e-04   5.010e-04   4.922e-04   4.375e-04   3.694e-04   3.142e-04   2.675e-04   2.326e-04   2.109e-04   1.946e-04   1.687e-04   1.175e-04   
1.5849e+03   1.000e+04    1.000e+04   7.470e-04   5.495e-04   5.544e-04   5.380e-04   5.285e-04   4.697e-04   3.967e-04   3.374e-04   2.873e-04   2.498e-04   2.265e-04   2.091e-04   1.813e-04   1.262e-04   
1.7113e+03   1.000e+04    1.000e+04   8.152e-04   5.908e-04   5.951e-04   5.774e-04   5.671e-04   5.040e-04   4.257e-04   3.620e-04   3.083e-04   2.681e-04   2.432e-04   2.245e-04   1.946e-04   1.355e-04   
1.8478e+03   1.000e+04    1.000e+04   8.902e-04   6.347e-04   6.383e-04   6.192e-04   6.080e-04   5.403e-04   4.564e-04   3.882e-04   3.306e-04   2.875e-04   2.608e-04   2.408e-04   2.088e-04   1.453e-04   
1.9953e+03   1.000e+04    1.000e+04   9.726e-04   6.815e-04   6.840e-04   6.634e-04   6.512e-04   5.788e-04   4.889e-04   4.159e-04   3.542e-04   3.081e-04   2.795e-04   2.581e-04   2.238e-04   1.557e-04   
2.1544e+03   1.000e+04    1.000e+04   1.063e-03   7.311e-04   7.323e-04   7.100e-04   6.969e-04   6.193e-04   5.232e-04   4.451e-04   3.792e-04   3.298e-04   2.993e-04   2.764e-04   2.397e-04   1.667e-04   
2.3263e+03   1.000e+04    1.000e+04   1.163e-03   7.837e-04   7.831e-04   7.591e-04   7.449e-04   6.619e-04   5.592e-04   4.758e-04   4.053e-04   3.526e-04   3.200e-04   2.956e-04   2.564e-04   1.782e-04   
2.5119e+03   1.000e+04    1.000e+04   1.273e-03   8.392e-04   8.365e-04   8.105e-04   7.951e-04   7.066e-04   5.970e-04   5.080e-04   4.328e-04   3.765e-04   3.418e-04   3.158e-04   2.739e-04   1.903e-04   
2.7123e+03   1.000e+04    1.000e+04   1.393e-03   8.977e-04   8.923e-04   8.643e-04   8.476e-04   7.532e-04   6.365e-04   5.415e-04   4.615e-04   4.015e-04   3.646e-04   3.369e-04   2.923e-04   2.030e-04   
2.9286e+03   1.000e+04    1.000e+04   1.527e-03   9.590e-04   9.504e-04   9.201e-04   9.022e-04   8.016e-04   6.774e-04   5.764e-04   4.913e-04   4.274e-04   3.883e-04   3.588e-04   3.113e-04   2.161e-04   
3.1623e+03   1.000e+04    1.000e+04   1.674e-03   1.023e-03   1.011e-03   9.779e-04   9.585e-04   8.517e-04   7.198e-04   6.125e-04   5.221e-04   4.543e-04   4.127e-04   3.816e-04   3.311e-04   2.297e-04   
3.4145e+03   1.000e+04    1.000e+04   1.836e-03   1.090e-03   1.073e-03   1.037e-03   1.017e-03   9.031e-04   7.634e-04   6.496e-04   5.537e-04   4.819e-04   4.379e-04   4.049e-04   3.514e-04   2.437e-04   
3.6869e+03   1.000e+04    1.000e+04   2.015e-03   1.160e-03   1.136e-03   1.098e-03   1.076e-03   9.557e-04   8.078e-04   6.875e-04   5.861e-04   5.101e-04   4.637e-04   4.289e-04   3.722e-04   2.580e-04   
3.9811e+03   1.000e+04    1.000e+04   2.213e-03   1.231e-03   1.201e-03   1.160e-03   1.136e-03   1.009e-03   8.530e-04   7.260e-04   6.189e-04   5.387e-04   4.898e-04   4.532e-04   3.934e-04   2.725e-04   
4.2987e+03   1.000e+04    1.000e+04   2.432e-03   1.305e-03   1.266e-03   1.223e-03   1.196e-03   1.063e-03   8.984e-04   7.647e-04   6.520e-04   5.675e-04   5.161e-04   4.776e-04   4.147e-04   2.871e-04   
4.6416e+03   1.000e+04    1.000e+04   2.675e-03   1.381e-03   1.332e-03   1.285e-03   1.257e-03   1.116e-03   9.438e-04   8.033e-04   6.850e-04   5.962e-04   5.424e-04   5.021e-04   4.360e-04   3.016e-04   
5.0119e+03   1.000e+04    1.000e+04   2.943e-03   1.458e-03   1.397e-03   1.347e-03   1.317e-03   1.169e-03   9.887e-04   8.416e-04   7.176e-04   6.246e-04   5.683e-04   5.263e-04   4.571e-04   3.160e-04   
5.4117e+03   1.000e+04    1.000e+04   3.241e-03   1.536e-03   1.462e-03   1.408e-03   1.375e-03   1.221e-03   1.033e-03   8.790e-04   7.495e-04   6.523e-04   5.937e-04   5.500e-04   4.778e-04   3.301e-04   
5.8434e+03   1.000e+04    1.000e+04   3.571e-03   1.615e-03   1.525e-03   1.467e-03   1.432e-03   1.271e-03   1.075e-03   9.152e-04   7.804e-04   6.791e-04   6.182e-04   5.729e-04   4.978e-04   3.437e-04   
6.3096e+03   1.000e+04    1.000e+04   3.936e-03   1.695e-03   1.586e-03   1.524e-03   1.487e-03   1.320e-03   1.116e-03   9.499e-04   8.098e-04   7.046e-04   6.416e-04   5.948e-04   5.170e-04   3.568e-04   
6.8129e+03   1.000e+04    1.000e+04   4.342e-03   1.775e-03   1.644e-03   1.578e-03   1.538e-03   1.365e-03   1.154e-03   9.826e-04   8.376e-04   7.286e-04   6.636e-04   6.154e-04   5.351e-04   3.690e-04   
7.3564e+03   1.000e+04    1.000e+04   4.792e-03   1.856e-03   1.699e-03   1.628e-03   1.587e-03   1.407e-03   1.190e-03   1.013e-03   8.634e-04   7.508e-04   6.840e-04   6.346e-04   5.519e-04   3.804e-04   
7.9433e+03   1.000e+04    1.000e+04   5.292e-03   1.936e-03   1.751e-03   1.675e-03   1.631e-03   1.446e-03   1.223e-03   1.041e-03   8.869e-04   7.710e-04   7.025e-04   6.520e-04   5.673e-04   3.908e-04   
8.5770e+03   1.000e+04    1.000e+04   5.845e-03   2.017e-03   1.799e-03   1.718e-03   1.672e-03   1.482e-03   1.253e-03   1.066e-03   9.081e-04   7.890e-04   7.190e-04   6.676e-04   5.811e-04   4.002e-04   
9.2612e+03   1.000e+04    1.000e+04   6.459e-03   2.099e-03   1.844e-03   1.757e-03   1.708e-03   1.513e-03   1.280e-03   1.088e-03   9.267e-04   8.047e-04   7.333e-04   6.812e-04   5.933e-04   4.084e-04   
1.0000e+04   1.000e+04    1.000e+04   7.137e-03   2.181e-03   1.885e-03   1.792e-03   1.740e-03   1.541e-03   1.303e-03   1.108e-03   9.428e-04   8.181e-04   7.455e-04   6.929e-04   6.038e-04   4.156e-04   
1.0798e+04   1.000e+04    1.000e+04   7.887e-03   2.265e-03   1.922e-03   1.822e-03   1.767e-03   1.565e-03   1.323e-03   1.124e-03   9.564e-04   8.291e-04   7.555e-04   7.026e-04   6.126e-04   4.216e-04   
1.1659e+04   1.000e+04    1.000e+04   8.715e-03   2.351e-03   1.955e-03   1.849e-03   1.791e-03   1.585e-03   1.340e-03   1.138e-03   9.675e-04   8.379e-04   7.634e-04   7.103e-04   6.198e-04   4.266e-04   
1.2589e+04   1.000e+04    1.000e+04   9.625e-03   2.439e-03   1.986e-03   1.872e-03   1.811e-03   1.602e-03   1.354e-03   1.150e-03   9.763e-04   8.446e-04   7.693e-04   7.162e-04   6.254e-04   4.307e-04   
1.3594e+04   1.000e+04    1.000e+04   1.063e-02   2.531e-03   2.014e-03   1.892e-03   1.828e-03   1.616e-03   1.365e-03   1.159e-03   9.831e-04   8.493e-04   7.734e-04   7.205e-04   6.297e-04   4.339e-04   
1.4678e+04   1.000e+04    1.000e+04   1.172e-02   2.628e-03   2.039e-03   1.909e-03   1.842e-03   1.627e-03   1.374e-03   1.166e-03   9.879e-04   8.521e-04   7.757e-04   7.231e-04   6.326e-04   4.363e-04   
1.5849e+04   1.000e+04    1.000e+04   1.292e-02   2.729e-03   2.063e-03   1.923e-03   1.853e-03   1.636e-03   1.381e-03   1.171e-03   9.911e-04   8.534e-04   7.765e-04   7.244e-04   6.345e-04   4.380e-04   
1.7113e+04   1.000e+04    1.000e+04   1.423e-02   2.836e-03   2.086e-03   1.936e-03   1.863e-03   1.643e-03   1.386e-03   1.175e-03   9.928e-04   8.532e-04   7.760e-04   7.245e-04   6.353e-04   4.391e-04   
1.8478e+04   1.000e+04    1.000e+04   1.566e-02   2.950e-03   2.108e-03   1.947e-03   1.870e-03   1.649e-03   1.390e-03   1.177e-03   9.932e-04   8.518e-04   7.742e-04   7.235e-04   6.353e-04   4.398e-04   
1.9953e+04   1.000e+04    1.000e+04   1.721e-02   3.072e-03   2.130e-03   1.958e-03   1.877e-03   1.653e-03   1.392e-03   1.178e-03   9.926e-04   8.493e-04   7.714e-04   7.215e-04   6.345e-04   4.400e-04   
2.1544e+04   1.000e+04    1.000e+04   1.889e-02   3.201e-03   2.151e-03   1.967e-03   1.882e-03   1.656e-03   1.394e-03   1.178e-03   9.910e-04   8.457e-04   7.676e-04   7.187e-04   6.331e-04   4.400e-04   
2.3263e+04   1.000e+04    1.000e+04   2.070e-02   3.339e-03   2.173e-03   1.976e-03   1.887e-03   1.658e-03   1.395e-03   1.178e-03   9.886e-04   8.414e-04   7.630e-04   7.151e-04   6.311e-04   4.396e-04   
2.5119e+04   1.000e+04    1.000e+04   2.266e-02   3.487e-03   2.196e-03   1.984e-03   1.891e-03   1.660e-03   1.395e-03   1.177e-03   9.855e-04   8.362e-04   7.575e-04   7.109e-04   6.286e-04   4.391e-04   
2.7123e+04   1.000e+04    1.000e+04   2.478e-02   3.644e-03   2.219e-03   1.993e-03   1.894e-03   1.661e-03   1.394e-03   1.175e-03   9.818e-04   8.303e-04   7.514e-04   7.061e-04   6.257e-04   4.383e-04   
2.9286e+04   1.000e+04    1.000e+04   2.705e-02   3.812e-03   2.244e-03   2.001e-03   1.898e-03   1.661e-03   1.394e-03   1.173e-03   9.775e-04   8.238e-04   7.446e-04   7.007e-04   6.224e-04   4.374e-04   
3.1623e+04   1.000e+04    1.000e+04   2.949e-02   3.990e-03   2.269e-03   2.010e-03   1.901e-03   1.662e-03   1.392e-03   1.170e-03   9.727e-04   8.166e-04   7.372e-04   6.947e-04   6.187e-04   4.363e-04   
3.4145e+04   1.000e+04    1.000e+04   3.210e-02   4.179e-03   2.296e-03   2.019e-03   1.904e-03   1.662e-03   1.391e-03   1.167e-03   9.673e-04   8.088e-04   7.291e-04   6.882e-04   6.147e-04   4.351e-04   
3.6869e+04   1.000e+04    1.000e+04   3.490e-02   4.380e-03   2.324e-03   2.029e-03   1.907e-03   1.662e-03   1.389e-03   1.163e-03   9.615e-04   8.003e-04   7.204e-04   6.812e-04   6.103e-04   4.338e-04   
3.9811e+04   1.000e+04    1.000e+04   3.788e-02   4.592e-03   2.354e-03   2.038e-03   1.910e-03   1.661e-03   1.386e-03   1.159e-03   9.551e-04   7.912e-04   7.110e-04   6.737e-04   6.055e-04   4.324e-04   
4.2987e+04   1.000e+04    1.000e+04   4.105e-02   4.816e-03   2.384e-03   2.049e-03   1.913e-03   1.661e-03   1.383e-03   1.154e-03   9.481e-04   7.815e-04   7.010e-04   6.656e-04   6.003e-04   4.308e-04   
4.6416e+04   1.000e+04    1.000e+04   4.441e-02   5.051e-03   2.417e-03   2.059e-03   1.917e-03   1.660e-03   1.380e-03   1.149e-03   9.406e-04   7.711e-04   6.904e-04   6.569e-04   5.948e-04   4.292e-04   
5.0119e+04   1.000e+04    1.000e+04   4.798e-02   5.298e-03   2.451e-03   2.071e-03   1.920e-03   1.659e-03   1.376e-03   1.144e-03   9.325e-04   7.600e-04   6.790e-04   6.477e-04   5.889e-04   4.273e-04   
5.4117e+04   1.000e+04    1.000e+04   5.174e-02   5.555e-03   2.486e-03   2.083e-03   1.923e-03   1.657e-03   1.372e-03   1.137e-03   9.237e-04   7.483e-04   6.670e-04   6.378e-04   5.826e-04   4.254e-04   
5.8434e+04   1.000e+04    1.000e+04   5.571e-02   5.822e-03   2.523e-03   2.095e-03   1.926e-03   1.656e-03   1.367e-03   1.130e-03   9.143e-04   7.358e-04   6.542e-04   6.274e-04   5.758e-04   4.233e-04   
6.3096e+04   1.000e+04    1.000e+04   5.986e-02   6.099e-03   2.561e-03   2.108e-03   1.930e-03   1.653e-03   1.362e-03   1.123e-03   9.041e-04   7.225e-04   6.407e-04   6.163e-04   5.686e-04   4.210e-04   
6.8129e+04   1.000e+04    1.000e+04   6.420e-02   6.383e-03   2.600e-03   2.121e-03   1.933e-03   1.651e-03   1.356e-03   1.114e-03   8.932e-04   7.085e-04   6.264e-04   6.045e-04   5.609e-04   4.186e-04   
7.3564e+04   1.000e+04    1.000e+04   6.870e-02   6.674e-03   2.641e-03   2.135e-03   1.936e-03   1.648e-03   1.349e-03   1.105e-03   8.815e-04   6.937e-04   6.113e-04   5.920e-04   5.527e-04   4.160e-04   
7.9433e+04   1.000e+04    1.000e+04   7.336e-02   6.970e-03   2.682e-03   2.150e-03   1.939e-03   1.644e-03   1.341e-03   1.095e-03   8.689e-04   6.780e-04   5.954e-04   5.789e-04   5.440e-04   4.132e-04   
8.5770e+04   1.000e+04    1.000e+04   7.815e-02   7.268e-03   2.724e-03   2.165e-03   1.941e-03   1.639e-03   1.332e-03   1.083e-03   8.554e-04   6.616e-04   5.788e-04   5.650e-04   5.348e-04   4.102e-04   
9.2612e+04   1.000e+04    1.000e+04   8.304e-02   7.565e-03   2.767e-03   2.180e-03   1.943e-03   1.634e-03   1.322e-03   1.071e-03   8.410e-04   6.443e-04   5.613e-04   5.504e-04   5.250e-04   4.070e-04   
1.0000e+05   1.000e+04    1.000e+04   8.799e-02   7.859e-03   2.810e-03   2.196e-03   1.945e-03   1.627e-03   1.311e-03   1.057e-03   8.255e-04   6.262e-04   5.430e-04   5.350e-04   5.146e-04   4.035e-04   
1.0798e+05   1.000e+04    1.000e+04   9.296e-02   8.145e-03   2.853e-03   2.212e-03   1.946e-03   1.620e-03   1.298e-03   1.042e-03   8.090e-04   6.073e-04   5.240e-04   5.189e-04   5.036e-04   3.998e-04   
1.1659e+05   1.000e+04    1.000e+04   9.789e-02   8.420e-03   2.895e-03   2.228e-03   1.947e-03   1.611e-03   1.284e-03   1.025e-03   7.914e-04   5.875e-04   5.042e-04   5.020e-04   4.919e-04   3.959e-04   
1.2589e+05   1.000e+04    1.000e+04   1.027e-01   8.679e-03   2.937e-03   2.244e-03   1.947e-03   1.601e-03   1.268e-03   1.007e-03   7.727e-04   5.670e-04   4.837e-04   4.844e-04   4.797e-04   3.917e-04   
1.3594e+05   1.000e+04    1.000e+04   1.074e-01   8.918e-03   2.977e-03   2.259e-03   1.945e-03   1.589e-03   1.250e-03   9.871e-04   7.528e-04   5.456e-04   4.624e-04   4.661e-04   4.668e-04   3.872e-04   
1.4678e+05   1.000e+04    1.000e+04   1.118e-01   9.130e-03   3.016e-03   2.275e-03   1.942e-03   1.576e-03   1.231e-03   9.655e-04   7.317e-04   5.236e-04   4.406e-04   4.471e-04   4.533e-04   3.824e-04   
1.5849e+05   1.000e+04    1.000e+04   1.159e-01   9.313e-03   3.053e-03   2.289e-03   1.938e-03   1.560e-03   1.209e-03   9.420e-04   7.093e-04   5.009e-04   4.182e-04   4.275e-04   4.392e-04   3.773e-04   
1.7113e+05   1.000e+04    1.000e+04   1.196e-01   9.460e-03   3.087e-03   2.303e-03   1.931e-03   1.542e-03   1.185e-03   9.165e-04   6.857e-04   4.776e-04   3.953e-04   4.072e-04   4.244e-04   3.718e-04   
1.8478e+05   1.000e+04    1.000e+04   1.229e-01   9.570e-03   3.119e-03   2.315e-03   1.923e-03   1.521e-03   1.158e-03   8.891e-04   6.609e-04   4.538e-04   3.720e-04   3.865e-04   4.090e-04   3.660e-04   
1.9953e+05   1.000e+04    1.000e+04   1.256e-01   9.640e-03   3.148e-03   2.326e-03   1.912e-03   1.497e-03   1.129e-03   8.596e-04   6.349e-04   4.295e-04   3.484e-04   3.652e-04   3.930e-04   3.599e-04   
2.1544e+05   1.000e+04    1.000e+04   1.277e-01   9.670e-03   3.173e-03   2.334e-03   1.897e-03   1.471e-03   1.097e-03   8.279e-04   6.077e-04   4.049e-04   3.246e-04   3.436e-04   3.764e-04   3.533e-04   
2.3263e+05   1.000e+04    1.000e+04   1.293e-01   9.662e-03   3.196e-03   2.340e-03   1.879e-03   1.440e-03   1.063e-03   7.942e-04   5.793e-04   3.800e-04   3.008e-04   3.217e-04   3.593e-04   3.464e-04   
2.5119e+05   1.000e+04    1.000e+04   1.302e-01   9.618e-03   3.215e-03   2.343e-03   1.858e-03   1.407e-03   1.025e-03   7.585e-04   5.500e-04   3.551e-04   2.771e-04   2.996e-04   3.417e-04   3.391e-04   
2.7123e+05   1.000e+04    1.000e+04   1.306e-01   9.542e-03   3.232e-03   2.342e-03   1.831e-03   1.369e-03   9.847e-04   7.208e-04   5.196e-04   3.301e-04   2.536e-04   2.774e-04   3.236e-04   3.314e-04   
2.9286e+05   1.000e+04    1.000e+04   1.305e-01   9.441e-03   3.245e-03   2.336e-03   1.800e-03   1.327e-03   9.415e-04   6.813e-04   4.885e-04   3.054e-04   2.306e-04   2.553e-04   3.052e-04   3.233e-04   
3.1623e+05   1.000e+04    1.000e+04   1.298e-01   9.319e-03   3.255e-03   2.326e-03   1.764e-03   1.281e-03   8.955e-04   6.402e-04   4.567e-04   2.810e-04   2.081e-04   2.334e-04   2.865e-04   3.147e-04   
3.4145e+05   1.000e+04    1.000e+04   1.287e-01   9.180e-03   3.261e-03   2.309e-03   1.721e-03   1.230e-03   8.470e-04   5.978e-04   4.245e-04   2.570e-04   1.863e-04   2.119e-04   2.676e-04   3.057e-04   
3.6869e+05   1.000e+04    1.000e+04   1.272e-01   9.028e-03   3.263e-03   2.286e-03   1.672e-03   1.175e-03   7.960e-04   5.542e-04   3.920e-04   2.337e-04   1.654e-04   1.909e-04   2.486e-04   2.963e-04   
3.9811e+05   1.000e+04    1.000e+04   1.253e-01   8.865e-03   3.258e-03   2.255e-03   1.617e-03   1.115e-03   7.430e-04   5.100e-04   3.595e-04   2.112e-04   1.456e-04   1.706e-04   2.295e-04   2.865e-04   
4.2987e+05   1.000e+04    1.000e+04   1.230e-01   8.693e-03   3.246e-03   2.215e-03   1.554e-03   1.052e-03   6.884e-04   4.654e-04   3.272e-04   1.896e-04   1.269e-04   1.510e-04   2.106e-04   2.763e-04   
4.6416e+05   1.000e+04    1.000e+04   1.205e-01   8.511e-03   3.225e-03   2.165e-03   1.484e-03   9.841e-04   6.326e-04   4.210e-04   2.955e-04   1.691e-04   1.095e-04   1.324e-04   1.920e-04   2.656e-04   
5.0119e+05   1.000e+04    1.000e+04   1.177e-01   8.320e-03   3.194e-03   2.104e-03   1.408e-03   9.134e-04   5.762e-04   3.772e-04   2.646e-04   1.497e-04   9.345e-05   1.149e-04   1.737e-04   2.546e-04   
5.4117e+05   1.000e+04    1.000e+04   1.146e-01   8.118e-03   3.151e-03   2.033e-03   1.324e-03   8.400e-04   5.197e-04   3.345e-04   2.348e-04   1.316e-04   7.888e-05   9.858e-05   1.559e-04   2.432e-04   
5.8434e+05   1.000e+04    1.000e+04   1.112e-01   7.904e-03   3.094e-03   1.950e-03   1.235e-03   7.649e-04   4.640e-04   2.934e-04   2.063e-04   1.148e-04   6.580e-05   8.356e-05   1.387e-04   2.315e-04   
6.3096e+05   1.000e+04    1.000e+04   1.076e-01   7.677e-03   3.022e-03   1.855e-03   1.140e-03   6.888e-04   4.096e-04   2.544e-04   1.795e-04   9.948e-05   5.423e-05   6.990e-05   1.222e-04   2.195e-04   
6.8129e+05   1.000e+04    1.000e+04   1.039e-01   7.436e-03   2.933e-03   1.749e-03   1.042e-03   6.129e-04   3.573e-04   2.179e-04   1.545e-04   8.553e-05   4.413e-05   5.765e-05   1.067e-04   2.072e-04   
7.3564e+05   1.000e+04    1.000e+04   9.989e-02   7.177e-03   2.826e-03   1.632e-03   9.400e-04   5.383e-04   3.078e-04   1.843e-04   1.315e-04   7.299e-05   3.546e-05   4.682e-05   9.210e-05   1.948e-04   
7.9433e+05   1.000e+04    1.000e+04   9.575e-02   6.900e-03   2.700e-03   1.506e-03   8.374e-04   4.662e-04   2.615e-04   1.537e-04   1.107e-04   6.185e-05   2.814e-05   3.741e-05   7.858e-05   1.822e-04   
8.5770e+05   1.000e+04    1.000e+04   9.146e-02   6.602e-03   2.555e-03   1.373e-03   7.353e-04   3.977e-04   2.190e-04   1.265e-04   9.213e-05   5.204e-05   2.206e-05   2.936e-05   6.621e-05   1.695e-04   
9.2612e+05   1.000e+04    1.000e+04   8.703e-02   6.282e-03   2.393e-03   1.234e-03   6.357e-04   3.338e-04   1.808e-04   1.027e-04   7.579e-05   4.349e-05   1.711e-05   2.261e-05   5.503e-05   1.568e-04   
