!Energy levels of the ground state of H2 used in simulations;
!data: nb, quantum numbers v and j, level energy in [cm-1]
302
1    0    0    0.000000e+00  
2    0    1    1.185000e+02  
3    0    2    3.543731e+02  
4    0    3    7.055188e+02  
5    0    4    1.168797e+03  
6    0    5    1.740189e+03  
7    0    6    2.414897e+03  
8    0    7    3.187470e+03  
9    0    8    4.051943e+03  
10   1    0    4.161166e+03  
11   1    1    4.273741e+03  
12   1    2    4.497838e+03  
13   1    3    4.831391e+03  
14   0    9    5.001963e+03  
15   1    4    5.271379e+03  
16   1    5    5.813922e+03  
17   0    10   6.030920e+03  
18   1    6    6.454389e+03  
19   0    11   7.132063e+03  
20   1    7    7.187526e+03  
21   1    8    8.007582e+03  
22   2    0    8.087003e+03  
23   2    1    8.193794e+03  
24   0    12   8.298601e+03  
25   2    2    8.406361e+03  
26   2    3    8.722702e+03  
27   1    9    8.908441e+03  
28   2    4    9.139898e+03  
29   0    13   9.523792e+03  
30   2    5    9.654197e+03  
31   1    10   9.883738e+03  
32   2    6    1.026113e+04  
33   0    14   1.080101e+04  
34   1    11   1.092697e+04  
35   2    7    1.095562e+04  
36   2    8    1.173211e+04  
37   3    0    1.178239e+04  
38   3    1    1.188349e+04  
39   1    12   1.203161e+04  
40   3    2    1.208470e+04  
41   0    15   1.212382e+04  
42   3    3    1.238408e+04  
43   2    9    1.258472e+04  
44   3    4    1.277882e+04  
45   1    13   1.319115e+04  
46   3    5    1.326527e+04  
47   0    16   1.348599e+04  
48   2    10   1.350728e+04  
49   3    6    1.383911e+04  
50   1    14   1.439922e+04  
51   2    11   1.449354e+04  
52   3    7    1.449544e+04  
53   0    17   1.488155e+04  
54   3    8    1.522889e+04  
55   4    0    1.525037e+04  
56   4    1    1.534581e+04  
57   4    2    1.553574e+04  
58   2    12   1.553717e+04  
59   1    15   1.564959e+04  
60   4    3    1.581829e+04  
61   3    9    1.603374e+04  
62   4    4    1.619070e+04  
63   0    18   1.630481e+04  
64   2    13   1.663191e+04  
65   4    5    1.664947e+04  
66   3    10   1.690406e+04  
67   1    16   1.693626e+04  
68   4    6    1.719039e+04  
69   0    19   1.775033e+04  
70   2    14   1.777157e+04  
71   4    7    1.780871e+04  
72   3    11   1.783377e+04  
73   1    17   1.825342e+04  
74   5    0    1.849193e+04  
75   4    8    1.849922e+04  
76   5    1    1.858171e+04  
77   5    2    1.876034e+04  
78   3    12   1.881674e+04  
79   2    15   1.895012e+04  
80   5    3    1.902600e+04  
81   0    20   1.921299e+04  
82   4    9    1.925638e+04  
83   5    4    1.937603e+04  
84   1    18   1.959553e+04  
85   5    5    1.980700e+04  
86   3    13   1.984689e+04  
87   4    10   2.007442e+04  
88   2    16   2.016171e+04  
89   5    6    2.031483e+04  
90   0    21   2.068791e+04  
91   5    7    2.089489e+04  
92   3    14   2.091820e+04  
93   4    11   2.094742e+04  
94   1    19   2.095731e+04  
95   2    17   2.140068e+04  
96   6    0    2.150578e+04  
97   5    8    2.154212e+04  
98   6    1    2.158982e+04  
99   6    2    2.175701e+04  
100  4    12   2.186943e+04  
101  6    3    2.200555e+04  
102  3    15   2.202477e+04  
103  0    22   2.217050e+04  
104  5    9    2.225111e+04  
105  6    4    2.233286e+04  
106  1    20   2.233370e+04  
107  2    18   2.266160e+04  
108  6    5    2.273559e+04  
109  4    13   2.283447e+04  
110  5    10   2.301622e+04  
111  3    16   2.316087e+04  
112  6    6    2.320976e+04  
113  0    23   2.365641e+04  
114  1    21   2.371989e+04  
115  6    7    2.375085e+04  
116  5    11   2.383167e+04  
117  4    14   2.383665e+04  
118  2    19   2.393923e+04  
119  7    0    2.428792e+04  
120  3    17   2.432091e+04  
121  6    8    2.435388e+04  
122  7    1    2.436607e+04  
123  7    2    2.452150e+04  
124  5    12   2.469160e+04  
125  7    3    2.475246e+04  
126  4    15   2.487016e+04  
127  6    9    2.501357e+04  
128  7    4    2.505641e+04  
129  1    22   2.511129e+04  
130  0    24   2.514150e+04  
131  2    20   2.522855e+04  
132  7    5    2.543006e+04  
133  3    18   2.549949e+04  
134  5    13   2.559011e+04  
135  6    10   2.572436e+04  
136  7    6    2.586951e+04  
137  4    16   2.592929e+04  
138  7    7    2.637030e+04  
139  6    11   2.648053e+04  
140  1    23   2.650350e+04  
141  5    14   2.652136e+04  
142  2    21   2.652472e+04  
143  0    25   2.662185e+04  
144  3    19   2.669136e+04  
145  8    0    2.683109e+04  
146  8    1    2.690312e+04  
147  7    8    2.692753e+04  
148  4    17   2.700845e+04  
149  8    2    2.704630e+04  
150  8    3    2.725891e+04  
151  6    12   2.727625e+04  
152  5    15   2.747951e+04  
153  7    9    2.753595e+04  
154  8    4    2.753845e+04  
155  2    22   2.782304e+04  
156  8    5    2.788167e+04  
157  3    20   2.789141e+04  
158  1    24   2.789230e+04  
159  0    26   2.809370e+04  
160  4    18   2.810217e+04  
161  6    13   2.810564e+04  
162  7    10   2.819003e+04  
163  8    6    2.828470e+04  
164  5    16   2.845882e+04  
165  8    7    2.874309e+04  
166  7    11   2.888404e+04  
167  6    14   2.896277e+04  
168  3    21   2.909464e+04  
169  2    23   2.911898e+04  
170  9    0    2.912404e+04  
171  9    1    2.918956e+04  
172  4    19   2.920505e+04  
173  8    8    2.925197e+04  
174  1    25   2.927359e+04  
175  9    2    2.931974e+04  
176  5    17   2.945354e+04  
177  9    3    2.951286e+04  
178  0    27   2.955343e+04  
179  7    12   2.961209e+04  
180  9    4    2.976642e+04  
181  8    9    2.980604e+04  
182  6    15   2.984170e+04  
183  9    5    3.007717e+04  
184  3    22   3.029613e+04  
185  4    20   3.031174e+04  
186  7    13   3.036816e+04  
187  8    10   3.039971e+04  
188  2    24   3.040803e+04  
189  9    6    3.044121e+04  
190  5    18   3.045798e+04  
191  1    26   3.064335e+04  
192  6    16   3.073643e+04  
193  9    7    3.085407e+04  
194  0    28   3.099752e+04  
195  8    11   3.102711e+04  
196  7    14   3.114611e+04  
197  10   0    3.115039e+04  
198  10   1    3.120887e+04  
199  9    8    3.131076e+04  
200  10   2    3.132495e+04  
201  4    21   3.141688e+04  
202  5    19   3.146637e+04  
203  3    23   3.149094e+04  
204  10   3    3.149690e+04  
205  6    17   3.164088e+04  
206  8    12   3.168212e+04  
207  2    25   3.168573e+04  
208  10   4    3.172217e+04  
209  9    9    3.180585e+04  
210  7    15   3.193964e+04  
211  10   5    3.199745e+04  
212  1    27   3.199759e+04  
213  10   6    3.231875e+04  
214  9    10   3.233351e+04  
215  8    13   3.235838e+04  
216  0    29   3.242248e+04  
217  5    20   3.247284e+04  
218  4    22   3.251499e+04  
219  6    18   3.254883e+04  
220  3    24   3.267404e+04  
221  10   7    3.268141e+04  
222  7    16   3.274224e+04  
223  11   0    3.288710e+04  
224  9    11   3.288753e+04  
225  11   1    3.293775e+04  
226  2    26   3.294753e+04  
227  11   2    3.303814e+04  
228  8    14   3.304924e+04  
229  10   8    3.308021e+04  
230  11   3    3.318648e+04  
231  1    28   3.333228e+04  
232  11   4    3.338010e+04  
233  6    19   3.345376e+04  
234  9    12   3.346126e+04  
235  5    21   3.347126e+04  
236  10   9    3.350937e+04  
237  7    17   3.354708e+04  
238  4    23   3.360038e+04  
239  11   5    3.361553e+04  
240  8    15   3.374764e+04  
241  0    30   3.382479e+04  
242  3    25   3.384020e+04  
243  11   6    3.388850e+04  
244  10   10   3.396251e+04  
245  9    13   3.404759e+04  
246  2    27   3.418869e+04  
247  11   7    3.419400e+04  
248  12   0    3.430217e+04  
249  12   1    3.434385e+04  
250  7    18   3.434680e+04  
251  6    20   3.434865e+04  
252  12   2    3.442622e+04  
253  10   11   3.443264e+04  
254  8    16   3.444594e+04  
255  5    22   3.445501e+04  
256  11   8    3.452624e+04  
257  12   3    3.454733e+04  
258  9    14   3.463872e+04  
259  1    29   3.464321e+04  
260  4    24   3.466689e+04  
261  12   4    3.470429e+04  
262  11   9    3.487862e+04  
263  12   5    3.489321e+04  
264  10   12   3.491195e+04  
265  3    26   3.498375e+04  
266  12   6    3.510926e+04  
267  7    19   3.513318e+04  
268  8    17   3.513560e+04  
269  0    31   3.520084e+04  
270  6    21   3.522566e+04  
271  9    15   3.522586e+04  
272  11   10   3.524355e+04  
273  12   7    3.534656e+04  
274  13   0    3.535131e+04  
275  13   1    3.538225e+04  
276  10   13   3.539152e+04  
277  2    28   3.540408e+04  
278  5    23   3.541668e+04  
279  13   2    3.544299e+04  
280  13   3    3.553123e+04  
281  12   8    3.559794e+04  
282  11   11   3.561207e+04  
283  13   4    3.564347e+04  
284  4    25   3.570757e+04  
285  13   5    3.577488e+04  
286  9    16   3.579852e+04  
287  8    18   3.580651e+04  
288  12   9    3.585458e+04  
289  10   14   3.586054e+04  
290  7    20   3.589647e+04  
291  13   6    3.591897e+04  
292  1    30   3.592585e+04  
293  11   12   3.597302e+04  
294  14   0    3.597327e+04  
295  14   1    3.599043e+04  
296  14   2    3.602312e+04  
297  13   7    3.606682e+04  
298  14   3    3.606783e+04  
299  6    22   3.607547e+04  
300  3    27   3.609828e+04  
301  12   10   3.610470e+04  
302  14   4    3.611804e+04  